t 	 Ax 	 AxUn 	 Vx 	 Duration 	 DurationUn 	 Distance 	 vel_from_dist
27796	0.00	0.00	0.00	1017.00	1017.00	17.65	inf
77724	0.00	-0.00	-0.00	1018.00	1018.00	17.64	3.05
130764	0.01	0.00	-0.00	1017.00	1017.00	17.63	inf
182764	0.02	-0.00	-0.00	1018.00	1018.00	17.62	3.05
236844	0.02	0.00	-0.00	1017.00	1017.00	17.60	inf
288844	0.03	0.00	0.00	1018.00	1018.00	17.59	-1.74
341884	0.03	-0.00	-0.00	1018.00	1018.00	17.58	3.05
395964	0.04	-0.00	-0.00	1017.00	1017.00	17.57	3.48
450044	0.04	0.00	-0.00	1018.00	1018.00	17.56	inf
502044	0.05	0.00	-0.00	1017.00	1017.00	17.54	inf
554044	0.05	0.00	-0.00	1017.00	1017.00	17.54	nan
606044	0.05	0.00	-0.00	1018.00	1018.00	17.54	0.00
659084	0.05	0.00	-0.00	1018.00	1018.00	17.54	inf
711084	0.05	-0.01	-0.00	1018.00	1018.00	17.54	0.00
765164	0.05	0.00	-0.00	1017.00	1017.00	17.54	nan
817168	0.05	0.00	-0.00	1018.00	1018.00	17.54	0.00
870204	0.05	0.00	-0.00	1017.00	1017.00	17.54	inf
922204	0.05	0.00	-0.00	1017.00	1017.00	17.54	nan
974204	0.05	0.00	-0.00	1017.00	1017.00	17.54	-0.44
1028284	0.05	0.00	0.00	1018.00	1018.00	17.54	0.44
1081324	0.05	-0.00	-0.00	1018.00	1018.00	17.54	-0.43
1137484	0.05	-0.00	-0.00	994.00	994.00	17.50	10.45
1191564	0.05	-0.02	-0.00	1020.00	1020.00	17.51	-0.22
1247724	0.05	-0.00	-0.00	1023.00	1023.00	17.52	-2.18
1303884	0.06	0.11	0.01	1026.00	1026.00	17.53	0.14
1356924	0.04	-0.08	0.00	1029.00	1029.00	17.55	-0.24
1412044	0.05	0.03	0.00	1039.00	1039.00	17.59	1.20
1465084	0.05	-0.01	0.00	1044.00	1044.00	17.63	-3.92
1520204	0.04	-0.11	-0.00	1071.00	1071.00	17.73	-0.84
1576364	0.05	-0.04	-0.00	1107.00	1107.00	17.88	-3.52
1632524	0.05	0.00	-0.00	1134.00	1134.00	18.08	50.50
1687644	0.06	0.09	0.00	1140.00	1140.00	18.33	2.76
1740684	0.05	0.00	0.00	1146.00	1146.00	18.55	inf
1792684	0.07	0.17	0.01	1134.00	1134.00	18.74	1.10
1845724	0.07	0.17	0.03	1094.00	1094.00	18.86	0.69
1898764	0.05	0.02	0.03	1081.00	1081.00	18.95	5.66
1951804	0.07	0.23	0.04	994.00	994.00	18.87	-0.33
2003804	0.08	0.27	0.06	901.00	901.00	18.62	-0.90
2055804	0.06	0.11	0.07	797.00	797.00	18.15	-4.42
2107804	0.06	0.08	0.07	705.00	705.00	17.46	-8.33
2159804	0.04	-0.08	0.07	621.00	621.00	16.57	11.75
2212844	-0.01	-0.53	0.08	489.00	489.00	15.45	2.10
2265884	0.02	-0.30	0.07	465.00	465.00	14.28	3.95
2317884	0.07	0.27	0.09	468.00	468.00	13.13	-4.20
2369884	0.03	-0.15	0.09	435.00	435.00	11.99	7.55
2421884	0.04	-0.08	0.08	390.00	390.00	10.80	15.83
2474924	0.05	0.00	0.08	349.00	349.00	9.69	inf
2523804	0.04	-0.06	0.08	349.00	349.00	8.74	15.02
2575804	0.04	-0.02	0.08	373.00	373.00	8.01	36.92
2627804	0.05	0.01	0.08	373.00	373.00	7.43	-72.27
2679804	0.05	-0.00	0.08	367.00	367.00	7.00	110.58
2732844	0.05	-0.00	0.08	369.00	369.00	6.79	52.24
2784844	0.05	0.00	0.08	373.00	373.00	6.63	-40.05
2836844	0.05	-0.00	0.08	373.00	373.00	6.47	41.36
2888844	0.05	0.00	0.08	367.00	367.00	6.35	inf
2937724	0.05	0.00	0.08	367.00	367.00	6.31	inf
2986604	0.05	-0.00	0.08	373.00	373.00	6.35	-10.45
3039644	0.05	-0.00	0.08	373.00	373.00	6.39	-10.45
3092684	0.05	0.00	0.08	373.00	373.00	6.39	nan
3141564	0.05	-0.00	0.08	367.00	367.00	6.38	2.61
3192524	0.05	0.00	0.08	373.00	373.00	6.39	2.61
3242444	0.05	-0.00	0.08	373.00	373.00	6.40	-1.74
3294444	0.05	-0.00	0.08	349.00	349.00	6.36	10.45
3346448	0.05	0.00	0.08	343.00	343.00	6.31	inf
3395324	0.05	0.00	0.08	349.00	349.00	6.28	inf
3444204	0.05	-0.00	0.08	349.00	349.00	6.24	7.84
3495164	0.04	-0.01	0.08	352.00	352.00	6.21	3.05
3546128	0.04	-0.08	0.07	409.00	409.00	6.27	-0.75
3598124	0.01	-0.34	0.07	462.00	462.00	6.42	-0.45
3650124	0.03	-0.19	0.07	591.00	591.00	6.81	-1.99
3702124	-0.03	-0.74	0.09	759.00	759.00	7.48	-0.89
3755164	0.09	0.42	0.12	955.00	955.00	8.48	2.41
3805084	-0.06	-1.07	0.19	1038.00	1038.00	9.67	-1.11
3860204	0.09	0.45	0.23	1071.00	1071.00	10.92	2.78
3913244	0.05	0.03	0.23	1079.00	1079.00	12.18	39.73
3967324	0.05	0.03	0.23	1082.00	1082.00	13.44	45.59
4021404	0.05	-0.02	0.23	1079.00	1079.00	14.70	-79.12
4077564	0.05	0.00	0.23	1088.00	1088.00	15.87	295.60
4132684	0.05	0.00	0.23	1089.00	1089.00	16.95	272.96
4187804	0.05	0.00	0.23	1088.00	1088.00	17.81	inf
4239804	0.05	0.00	0.23	1091.00	1091.00	18.38	inf
4291804	0.05	0.03	0.23	1094.00	1094.00	18.62	8.64
4344848	0.05	0.00	0.23	1095.00	1095.00	18.72	24.81
4398924	0.05	-0.01	0.23	1098.00	1098.00	18.76	-5.88
4454044	0.05	0.00	0.23	1097.00	1097.00	18.79	7.84
4507084	0.05	0.00	0.23	1097.00	1097.00	18.82	inf
4559084	0.05	0.00	0.23	1097.00	1097.00	18.85	7.84
4612128	0.05	0.00	0.23	1098.00	1098.00	18.87	4.35
4665164	0.05	0.00	0.23	1098.00	1098.00	18.88	inf
4717164	0.05	0.00	0.23	1098.00	1098.00	18.90	4.35
4770204	0.05	0.01	0.24	1097.00	1097.00	18.91	1.31
4823244	0.05	0.00	0.24	1097.00	1097.00	18.92	inf
4875244	0.05	0.01	0.24	1097.00	1097.00	18.92	0.44
4928284	0.05	0.00	0.24	1097.00	1097.00	18.92	-0.44
4982364	0.05	0.00	0.24	1097.00	1097.00	18.92	nan
5034364	0.05	0.01	0.24	1121.00	1121.00	18.96	5.22
5087404	0.05	0.00	0.24	1091.00	1091.00	18.95	inf
5139404	0.05	0.00	0.24	1097.00	1097.00	18.95	inf
5191404	0.05	0.00	0.24	1098.00	1098.00	18.95	0.00
5244444	0.05	0.00	0.24	1097.00	1097.00	18.95	inf
5296444	0.05	0.00	0.24	1097.00	1097.00	18.95	nan
5348444	0.05	-0.00	0.24	1092.00	1092.00	18.94	2.18
5402524	0.05	0.00	0.24	1098.00	1098.00	18.94	inf
5454524	0.05	0.00	0.24	1097.00	1097.00	18.94	0.00
5507564	0.05	0.00	0.24	1095.00	1095.00	18.94	inf
5559564	0.05	0.01	0.24	1119.00	1119.00	18.93	-0.29
5613644	0.05	0.02	0.24	1086.00	1086.00	18.92	-0.54
5667724	0.05	0.02	0.24	1104.00	1104.00	18.94	0.76
5720764	0.05	0.04	0.24	1064.00	1064.00	18.88	-1.35
5774844	0.05	0.04	0.24	1071.00	1071.00	18.83	-1.26
5828924	0.05	-0.01	0.24	1053.00	1053.00	18.76	9.58
5883004	0.05	-0.02	0.24	1015.00	1015.00	18.62	5.59
5937084	0.05	0.03	0.24	1023.00	1023.00	18.49	-4.08
5991164	0.05	0.02	0.24	1004.00	1004.00	18.33	-10.12
6046284	0.05	0.00	0.24	987.00	987.00	18.15	inf
6096204	0.05	0.06	0.25	943.00	943.00	17.84	-4.79
6148204	0.05	-0.00	0.25	951.00	951.00	17.61	58.77
6201244	0.05	0.00	0.25	934.00	934.00	17.32	-74.01
6254284	0.04	-0.06	0.24	892.00	892.00	17.02	4.99
6306284	0.05	0.07	0.25	901.00	901.00	16.73	-4.35
6358284	0.05	-0.02	0.25	889.00	889.00	16.45	11.90
6411324	0.05	-0.01	0.25	841.00	841.00	16.15	37.88
6464364	0.05	0.04	0.25	850.00	850.00	15.85	-7.53
6516364	0.05	0.01	0.25	829.00	829.00	15.55	-38.09
6569404	0.05	0.01	0.25	836.00	836.00	15.29	-21.91
6622444	0.05	-0.02	0.25	800.00	800.00	15.04	15.56
6675488	0.05	0.02	0.25	752.00	752.00	14.70	-14.44
6728524	0.05	0.02	0.25	785.00	785.00	14.44	-12.97
6781564	0.05	-0.01	0.25	744.00	744.00	14.18	32.22
6834604	0.04	-0.03	0.25	711.00	711.00	13.86	11.82
6887644	0.05	0.01	0.25	725.00	725.00	13.57	-35.70
6940688	0.05	-0.02	0.25	681.00	681.00	13.30	17.41
6993724	0.05	-0.01	0.25	695.00	695.00	13.03	22.49
7046764	0.05	-0.02	0.25	684.00	684.00	12.78	15.78
7099804	0.05	-0.01	0.25	684.00	684.00	12.52	22.06
7152844	0.05	0.01	0.25	675.00	675.00	12.30	-27.21
7205884	0.04	-0.04	0.25	659.00	659.00	12.14	3.68
7257884	0.05	0.03	0.25	627.00	627.00	11.87	-9.83
7309884	0.05	0.02	0.25	639.00	639.00	11.69	-7.62
7361884	0.05	0.00	0.25	609.00	609.00	11.51	inf
7411804	0.05	0.04	0.25	615.00	615.00	11.32	-4.35
7463804	0.05	0.02	0.25	579.00	579.00	11.15	-7.40
7515804	0.04	-0.04	0.25	591.00	591.00	10.97	4.12
7567804	0.05	0.04	0.25	538.00	538.00	10.72	-7.06
7619804	0.05	0.04	0.25	576.00	576.00	10.53	-4.70
7671804	0.04	-0.02	0.25	534.00	534.00	10.29	15.35
7724844	0.05	-0.00	0.25	550.00	550.00	10.10	47.45
7777884	0.04	-0.04	0.25	501.00	501.00	9.88	4.99
7828844	0.05	0.01	0.25	495.00	495.00	9.63	-31.34
7880844	0.05	-0.02	0.25	507.00	507.00	9.46	11.10
7932844	0.05	0.06	0.25	470.00	470.00	9.21	-4.21
7983804	0.05	0.06	0.26	486.00	486.00	9.05	-2.70
8034764	0.04	-0.04	0.26	450.00	450.00	8.81	6.14
8085724	0.04	-0.02	0.25	468.00	468.00	8.68	6.09
8136684	0.04	-0.02	0.25	454.00	454.00	8.47	10.62
8188684	0.05	-0.00	0.25	402.00	402.00	8.25	57.47
8240684	0.04	-0.02	0.25	421.00	421.00	8.02	11.23
8292684	0.05	0.00	0.25	439.00	439.00	7.92	-26.99
8344684	0.05	0.01	0.25	399.00	399.00	7.75	-13.93
8396684	0.05	0.05	0.26	367.00	367.00	7.51	-5.08
8447644	0.04	-0.03	0.25	388.00	388.00	7.37	4.46
8498604	0.04	-0.04	0.25	382.00	382.00	7.19	4.53
8549564	0.04	-0.02	0.25	355.00	355.00	7.03	8.27
8600524	0.05	0.02	0.25	367.00	367.00	6.85	-7.33
8651484	0.04	-0.05	0.25	391.00	391.00	6.74	2.29
8702444	0.05	0.00	0.25	388.00	388.00	6.72	inf
8751324	0.05	0.04	0.25	358.00	358.00	6.61	-2.74
8802284	0.04	-0.02	0.25	322.00	322.00	6.41	10.19
8854284	0.05	-0.00	0.25	328.00	328.00	6.29	30.91
8906284	0.04	-0.02	0.25	328.00	328.00	6.22	3.40
8957244	0.05	-0.00	0.25	328.00	328.00	6.12	26.12
9009244	0.05	0.00	0.25	322.00	322.00	6.01	inf
9058124	0.05	-0.00	0.25	328.00	328.00	5.97	11.75
9110124	0.04	-0.02	0.25	355.00	355.00	5.94	1.04
9161084	0.04	-0.02	0.25	361.00	361.00	5.89	2.61
9212044	0.04	-0.03	0.25	346.00	346.00	5.82	2.61
9263004	0.04	-0.02	0.25	387.00	387.00	5.87	-3.16
9315004	0.05	0.01	0.25	435.00	435.00	6.07	24.60
9365964	0.05	-0.00	0.25	456.00	456.00	6.29	-55.72
9419004	0.04	-0.03	0.25	453.00	453.00	6.50	-6.80
9471008	0.05	0.02	0.25	498.00	498.00	6.79	18.50
9521964	0.05	0.00	0.25	492.00	492.00	7.09	inf
9570844	0.05	0.04	0.25	532.00	532.00	7.44	8.07
9620764	0.03	-0.11	0.24	573.00	573.00	7.82	-3.27
9672764	0.04	-0.03	0.24	588.00	588.00	8.21	-12.35
9725804	0.04	-0.03	0.24	616.00	616.00	8.67	-16.79
9778844	0.05	0.06	0.25	639.00	639.00	9.11	7.31
9828764	0.06	0.09	0.25	636.00	636.00	9.45	3.80
9878684	0.05	0.04	0.25	666.00	666.00	9.82	10.16
9929644	0.04	-0.04	0.25	678.00	678.00	10.20	-8.90
9982684	0.05	0.00	0.25	692.00	692.00	10.54	inf
10032604	0.05	0.04	0.25	686.00	686.00	10.87	8.45
10084604	0.05	0.00	0.25	728.00	728.00	11.21	85.33
10137644	0.04	-0.05	0.25	734.00	734.00	11.49	-5.39
10191724	0.05	0.08	0.25	752.00	752.00	11.77	3.57
10243724	0.05	-0.01	0.25	743.00	743.00	11.99	-27.64
10298844	0.05	-0.02	0.25	808.00	808.00	12.28	-18.39
10353964	0.04	-0.05	0.25	782.00	782.00	12.53	-5.30
10408044	0.05	0.02	0.25	797.00	797.00	12.76	14.26
10461084	0.05	0.04	0.25	842.00	842.00	13.04	7.93
10513084	0.05	0.01	0.25	859.00	859.00	13.33	24.23
10566124	0.05	0.05	0.26	844.00	844.00	13.60	5.73
10618124	0.05	-0.03	0.26	886.00	886.00	13.87	-9.83
10672204	0.05	-0.02	0.26	892.00	892.00	14.15	-17.20
10727324	0.05	0.06	0.26	877.00	877.00	14.36	3.89
10779324	0.05	-0.02	0.26	916.00	916.00	14.66	-12.55
10834444	0.05	0.04	0.26	928.00	928.00	14.87	5.22
10886444	0.05	-0.00	0.26	916.00	916.00	15.10	-58.34
10941564	0.05	0.05	0.26	928.00	928.00	15.32	4.75
10993564	0.03	-0.14	0.26	942.00	942.00	15.50	-1.21
11047644	0.06	0.13	0.26	952.00	952.00	15.66	1.23
11099644	0.04	-0.07	0.26	964.00	964.00	15.86	-3.07
11153724	0.05	0.05	0.26	973.00	973.00	16.01	2.91
11205724	0.05	-0.01	0.26	979.00	979.00	16.16	-18.94
11260844	0.05	0.04	0.27	987.00	987.00	16.35	5.32
11312844	0.05	0.01	0.27	987.00	987.00	16.48	15.45
11365884	0.05	-0.01	0.27	991.00	991.00	16.58	-13.71
11421004	0.05	0.03	0.27	993.00	993.00	16.72	4.79
11473004	0.05	0.00	0.27	993.00	993.00	16.83	28.30
11526044	0.05	0.00	0.27	993.00	993.00	16.92	inf
11577004	0.05	0.00	0.27	1020.00	1020.00	17.03	29.60
11632124	0.05	0.01	0.27	1020.00	1020.00	17.13	12.19
11687244	0.05	0.00	0.27	1020.00	1020.00	17.21	20.46
11742364	0.05	0.00	0.27	1014.00	1014.00	17.27	15.24
11797484	0.05	0.00	0.27	996.00	996.00	17.29	inf
11848444	0.05	0.00	0.27	996.00	996.00	17.30	3.92
11900444	0.05	0.00	0.27	996.00	996.00	17.31	2.18
11952444	0.05	0.00	0.27	1020.00	1020.00	17.36	inf
12005484	0.05	-0.00	0.27	996.00	996.00	17.36	-1.31
12059564	0.05	0.01	0.27	996.00	996.00	17.37	0.44
12111564	0.05	0.00	0.27	999.00	999.00	17.33	inf
12162524	0.05	0.02	0.27	1029.00	1029.00	17.35	0.98
12216604	0.04	-0.03	0.27	1008.00	1008.00	17.33	0.75
12271724	0.05	-0.00	0.27	1038.00	1038.00	17.37	-10.45
12328924	0.05	0.00	0.27	1018.00	1018.00	17.41	9.58
12383004	0.04	-0.04	0.27	1026.00	1026.00	17.46	-1.31
12439164	0.05	-0.03	0.27	1035.00	1035.00	17.53	-2.12
12495324	0.05	0.03	0.27	1044.00	1044.00	17.57	1.49
12549404	0.05	0.01	0.27	1053.00	1053.00	17.67	8.27
12603484	0.05	0.03	0.27	1062.00	1062.00	17.78	4.10
12657564	0.05	0.03	0.27	1067.00	1067.00	17.90	4.23
12711644	0.05	0.02	0.27	1070.00	1070.00	17.97	4.46
12765724	0.05	0.03	0.27	1101.00	1101.00	18.13	5.06
12819804	0.05	0.03	0.27	1076.00	1076.00	18.19	2.36
12873884	0.05	0.00	0.27	1070.00	1070.00	18.28	inf
12926924	0.05	-0.00	0.27	1074.00	1074.00	18.37	-20.90
12984124	0.05	0.00	0.27	1074.00	1074.00	18.43	16.98
13039244	0.06	0.10	0.28	1065.00	1065.00	18.47	0.35
13093324	0.06	0.09	0.29	1041.00	1041.00	18.45	-0.23
13148444	0.06	0.10	0.29	1008.00	1008.00	18.36	-0.90
13203564	0.07	0.24	0.31	940.00	940.00	18.14	-0.91
13256604	0.06	0.10	0.32	880.00	880.00	17.81	-3.18
13309644	0.05	0.06	0.32	779.00	779.00	17.25	-9.35
13362684	0.06	0.11	0.33	671.00	671.00	16.56	-6.08
13415724	0.06	0.15	0.34	522.00	522.00	15.61	-6.45
13468764	0.00	-0.48	0.34	444.00	444.00	14.52	2.25
13521804	0.03	-0.18	0.33	459.00	459.00	13.46	5.82
13574844	0.05	-0.00	0.33	462.00	462.00	12.42	262.51
13629964	0.05	-0.01	0.33	465.00	465.00	11.43	125.38
13685084	0.04	-0.06	0.33	480.00	480.00	10.52	14.37
13739164	0.04	-0.07	0.32	519.00	519.00	9.79	10.18
13792204	0.01	-0.37	0.32	597.00	597.00	9.31	1.32
13844204	0.03	-0.21	0.31	672.00	672.00	9.12	0.86
13896204	0.06	0.11	0.32	797.00	797.00	9.34	1.89
13947164	0.06	0.14	0.33	871.00	871.00	9.94	4.22
13998124	0.02	-0.24	0.32	964.00	964.00	10.84	-3.77
14052204	0.10	0.53	0.38	1038.00	1038.00	11.84	1.87
14106284	0.06	0.14	0.39	1056.00	1056.00	12.86	7.39
14160364	0.05	0.00	0.39	1071.00	1071.00	13.91	inf
14213404	0.05	0.01	0.39	1071.00	1071.00	14.92	128.64
14269564	0.05	0.00	0.39	1065.00	1065.00	15.87	237.70
14325724	0.05	-0.00	0.39	1071.00	1071.00	16.68	-206.35
14383964	0.05	0.00	0.39	1072.00	1072.00	17.37	174.14
14440124	0.05	0.01	0.39	1071.00	1071.00	17.84	59.64
14495244	0.05	0.00	0.39	1071.00	1071.00	18.19	inf
14548284	0.05	0.00	0.39	1071.00	1071.00	18.37	46.58
14603404	0.05	0.01	0.39	1065.00	1065.00	18.42	5.88
14657484	0.05	0.00	0.39	1071.00	1071.00	18.45	6.53
14711564	0.05	0.00	0.39	1070.00	1070.00	18.44	-0.44
14766684	0.05	0.00	0.39	1071.00	1071.00	18.44	nan
14819724	0.05	-0.00	0.39	1071.00	1071.00	18.46	-2.61
14875884	0.05	0.00	0.39	1071.00	1071.00	18.46	nan
14928928	0.05	-0.00	0.39	1071.00	1071.00	18.45	0.44
14984044	0.05	0.00	0.39	1071.00	1071.00	18.45	nan
15037084	0.05	0.00	0.39	1071.00	1071.00	18.45	nan
15090124	0.05	0.00	0.39	1071.00	1071.00	18.45	nan
15143164	0.05	-0.00	0.39	1071.00	1071.00	18.46	-2.61
15199324	0.05	0.00	0.39	1089.00	1089.00	18.49	inf
15252364	0.05	0.01	0.39	1068.00	1068.00	18.49	-0.44
15307484	0.05	0.04	0.39	1089.00	1089.00	18.52	0.78
15361564	0.07	0.19	0.40	1044.00	1044.00	18.48	-0.24
15416684	0.06	0.07	0.41	1011.00	1011.00	18.37	-1.54
15471804	0.08	0.30	0.43	952.00	952.00	18.17	-0.69
15524844	0.04	-0.04	0.43	874.00	874.00	17.83	7.80
15577884	0.05	0.06	0.43	797.00	797.00	17.36	-7.95
15630924	0.03	-0.18	0.43	725.00	725.00	16.76	3.35
15683964	0.05	0.03	0.43	693.00	693.00	16.11	-23.51
15738044	0.04	-0.04	0.43	621.00	621.00	15.30	18.52
15792124	0.04	-0.10	0.42	534.00	534.00	14.38	9.69
15845164	0.04	-0.12	0.42	522.00	522.00	13.40	8.23
15898204	0.04	-0.11	0.41	453.00	453.00	12.38	9.19
15951244	0.05	-0.01	0.41	462.00	462.00	11.44	119.50
16006364	0.04	-0.10	0.41	456.00	456.00	10.58	8.64
16059408	0.05	-0.00	0.41	450.00	450.00	9.85	184.59
16113484	0.03	-0.19	0.40	456.00	456.00	9.26	3.09
16165484	0.03	-0.13	0.40	492.00	492.00	8.86	2.98
16217484	0.02	-0.26	0.39	519.00	519.00	8.56	1.15
16269484	0.02	-0.27	0.39	651.00	651.00	8.61	-0.19
16322524	0.05	0.03	0.39	728.00	728.00	8.95	10.56
16374524	0.03	-0.16	0.38	847.00	847.00	9.51	-3.45
16427564	0.07	0.25	0.40	984.00	984.00	10.42	3.73
16479564	0.06	0.11	0.41	1034.00	1034.00	11.41	9.22
16533644	0.08	0.29	0.43	1097.00	1097.00	12.51	3.77
16587724	0.07	0.20	0.44	1092.00	1092.00	13.62	5.48
16641804	0.05	-0.02	0.44	1121.00	1121.00	14.77	-48.25
16699004	0.05	0.06	0.45	1124.00	1124.00	15.86	19.65
16754124	0.05	-0.00	0.45	1128.00	1128.00	16.91	-265.13
16812364	0.05	0.00	0.45	1104.00	1104.00	17.69	inf
16865404	0.05	0.01	0.45	1097.00	1097.00	18.32	80.32
16920524	0.05	0.00	0.45	1130.00	1130.00	18.81	123.20
16976684	0.05	0.01	0.45	1130.00	1130.00	19.06	31.78
17031804	0.05	0.00	0.45	1130.00	1130.00	19.23	41.79
17086924	0.05	0.00	0.45	1130.00	1130.00	19.29	inf
17139964	0.05	0.00	0.45	1130.00	1130.00	19.35	16.54
17195084	0.05	0.00	0.45	1124.00	1124.00	19.36	inf
17248124	0.05	0.01	0.45	1130.00	1130.00	19.37	1.31
17302204	0.05	0.00	0.45	1104.00	1104.00	19.33	-10.45
17358364	0.05	0.00	0.45	1130.00	1130.00	19.37	11.32
17413484	0.05	0.00	0.45	1130.00	1130.00	19.43	inf
17466524	0.05	0.00	0.45	1122.00	1122.00	19.41	-3.48
17521644	0.05	0.00	0.45	1127.00	1127.00	19.41	-1.31
17576764	0.05	0.00	0.45	1127.00	1127.00	19.40	-1.31
17631884	0.05	0.00	0.45	1128.00	1128.00	19.40	inf
17684924	0.05	0.00	0.45	1128.00	1128.00	19.40	-0.87
17740044	0.05	0.01	0.45	1128.00	1128.00	19.40	0.87
17794124	0.05	0.00	0.45	1124.00	1124.00	19.39	-2.61
17849244	0.05	0.00	0.45	1131.00	1131.00	19.44	inf
17902284	0.05	0.00	0.45	1128.00	1128.00	19.44	-0.87
17957404	0.06	0.10	0.46	1122.00	1122.00	19.42	-0.15
18012524	0.07	0.18	0.47	1065.00	1065.00	19.32	-0.54
18067644	0.08	0.29	0.49	988.00	988.00	19.08	-0.84
18120684	0.07	0.23	0.51	904.00	904.00	18.70	-1.67
18173724	0.03	-0.16	0.50	779.00	779.00	18.10	3.71
18226764	0.05	-0.01	0.50	698.00	698.00	17.36	93.60
18280844	0.05	-0.02	0.50	630.00	630.00	16.50	36.13
18334924	0.01	-0.34	0.49	583.00	583.00	15.57	2.71
18387964	0.05	0.06	0.50	567.00	567.00	14.59	-16.37
18442044	0.04	-0.06	0.50	519.00	519.00	13.54	18.94
18496124	0.04	-0.06	0.49	498.00	498.00	12.47	19.40
18550204	0.04	-0.13	0.49	552.00	552.00	11.58	6.77
18603244	0.03	-0.16	0.48	595.00	595.00	10.91	4.28
18656288	0.03	-0.18	0.48	630.00	630.00	10.43	2.65
18709324	-0.00	-0.49	0.48	770.00	770.00	10.42	0.03
18763404	0.07	0.24	0.50	911.00	911.00	10.78	1.52
18815404	0.07	0.17	0.51	967.00	967.00	11.37	3.41
18867404	0.06	0.10	0.51	1029.00	1029.00	12.13	7.77
18921488	0.04	-0.08	0.51	1062.00	1062.00	12.99	-11.34
18978684	0.07	0.27	0.53	1098.00	1098.00	13.99	3.76
19032764	0.05	0.00	0.53	1104.00	1104.00	15.03	inf
19085804	0.05	0.00	0.53	1080.00	1080.00	15.94	inf
19138844	0.05	0.00	0.53	1080.00	1080.00	16.78	211.14
19195004	0.05	0.00	0.53	1074.00	1074.00	17.54	193.29
19251164	0.05	0.00	0.53	1080.00	1080.00	18.08	inf
19304204	0.05	0.00	0.53	1081.00	1081.00	18.37	74.01
19359324	0.05	0.01	0.53	1081.00	1081.00	18.57	24.81
19414444	0.05	0.00	0.53	1080.00	1080.00	18.66	22.20
19469564	0.05	0.00	0.53	1081.00	1081.00	18.69	inf
19522604	0.05	0.00	0.53	1079.00	1079.00	18.66	-8.27
19577724	0.05	0.00	0.53	1080.00	1080.00	18.61	-10.45
19633884	0.05	0.00	0.53	1080.00	1080.00	18.61	nan
19686924	0.05	0.00	0.53	1080.00	1080.00	18.61	0.00
19741004	0.05	0.00	0.53	1106.00	1106.00	18.67	inf
19794044	0.05	0.00	0.53	1074.00	1074.00	18.66	-2.61
19849164	0.05	0.01	0.53	1080.00	1080.00	18.66	-0.22
19904284	0.05	0.00	0.53	1104.00	1104.00	18.70	inf
19957324	0.05	0.03	0.53	1071.00	1071.00	18.68	-0.56
20012444	0.05	-0.01	0.53	1068.00	1068.00	18.66	1.89
20067564	0.05	0.02	0.53	1062.00	1062.00	18.63	-1.23
20122684	0.05	-0.02	0.53	1083.00	1083.00	18.63	-0.26
20178844	0.05	0.04	0.53	1077.00	1077.00	18.63	-0.15
20233964	0.05	0.00	0.53	1068.00	1068.00	18.61	inf
20287004	0.05	-0.03	0.53	1035.00	1035.00	18.49	4.42
20342124	0.05	0.02	0.53	1053.00	1053.00	18.45	-1.83
20397244	0.05	-0.01	0.53	1044.00	1044.00	18.39	5.22
20452368	0.05	0.04	0.54	1012.00	1012.00	18.23	-4.45
20507484	0.05	0.01	0.54	1026.00	1026.00	18.15	-9.80
20562604	0.05	-0.01	0.54	990.00	990.00	18.02	16.98
20616684	0.05	0.03	0.54	1002.00	1002.00	17.91	-3.73
20671804	0.05	-0.03	0.54	965.00	965.00	17.71	7.34
20724844	0.05	0.01	0.54	975.00	975.00	17.53	-22.20
20778924	0.05	-0.01	0.54	964.00	964.00	17.36	22.64
20833004	0.05	0.00	0.54	949.00	949.00	17.21	-37.44
20887084	0.05	0.01	0.54	961.00	961.00	17.05	-20.03
20941164	0.05	0.00	0.54	895.00	895.00	16.79	-64.87
20995244	0.06	0.07	0.54	908.00	908.00	16.61	-2.52
21048284	0.05	0.02	0.54	883.00	883.00	16.37	-12.45
21102364	0.05	0.04	0.54	860.00	860.00	16.14	-5.66
21155404	0.04	-0.10	0.54	839.00	839.00	15.86	2.96
21208444	0.05	0.06	0.54	797.00	797.00	15.57	-5.22
21261484	0.05	0.01	0.54	782.00	782.00	15.24	-28.01
21315564	0.05	0.00	0.54	785.00	785.00	14.93	inf
21366524	0.05	0.07	0.55	764.00	764.00	14.61	-4.74
21419564	0.04	-0.04	0.55	719.00	719.00	14.19	10.54
21473644	0.04	-0.10	0.54	737.00	737.00	13.92	2.87
21526684	0.05	0.03	0.54	696.00	696.00	13.56	-11.54
21580764	0.05	0.01	0.54	678.00	678.00	13.20	-29.75
21634844	0.05	-0.02	0.54	689.00	689.00	12.91	14.89
21688924	0.05	-0.00	0.54	654.00	654.00	12.59	80.54
21743004	0.05	-0.01	0.54	654.00	654.00	12.34	31.13
21797084	0.05	0.01	0.54	668.00	668.00	12.14	-16.54
21851168	0.05	0.02	0.54	627.00	627.00	11.87	-17.20
21905244	0.05	0.02	0.55	645.00	645.00	11.67	-10.36
21959324	0.05	-0.01	0.54	633.00	633.00	11.52	12.48
22013404	0.04	-0.06	0.54	609.00	609.00	11.30	3.71
22066444	0.05	0.00	0.54	608.00	608.00	11.15	inf
22117408	0.05	-0.00	0.54	603.00	603.00	11.02	32.65
22171484	0.01	-0.34	0.54	663.00	663.00	10.97	0.13
22224524	0.02	-0.30	0.53	761.00	761.00	11.16	-0.62
22278604	0.00	-0.46	0.53	902.00	902.00	11.58	-0.92
22332684	0.13	0.83	0.64	1032.00	1032.00	12.21	0.75
22386764	0.09	0.46	0.68	1060.00	1060.00	12.96	1.63
22440844	0.13	0.81	0.79	1011.00	1011.00	13.59	0.78
22494924	0.12	0.73	0.88	844.00	844.00	13.95	0.50
22546924	0.02	-0.25	0.87	725.00	725.00	14.15	-0.81
22601004	0.02	-0.28	0.86	603.00	603.00	14.14	0.03
22654044	-0.02	-0.69	0.88	600.00	600.00	14.14	0.01
22708124	0.01	-0.34	0.87	603.00	603.00	14.04	0.30
22761164	0.01	-0.36	0.87	710.00	710.00	13.95	0.24
22814204	0.03	-0.16	0.86	829.00	829.00	13.82	0.79
22867244	0.05	0.02	0.87	954.00	954.00	13.69	-6.79
22920284	0.08	0.28	0.89	1032.00	1032.00	13.64	-0.17
22975404	0.09	0.41	0.92	1059.00	1059.00	13.72	0.20
23029484	0.13	0.83	1.03	1023.00	1023.00	14.03	0.37
23083564	0.11	0.58	1.09	904.00	904.00	14.34	0.53
23135564	0.02	-0.25	1.09	749.00	749.00	14.59	-1.01
23189644	0.01	-0.36	1.08	662.00	662.00	14.70	-0.29
23243724	-0.00	-0.51	1.09	603.00	603.00	14.70	0.00
23297804	0.00	-0.44	1.08	633.00	633.00	14.57	0.30
23350844	0.01	-0.39	1.08	722.00	722.00	14.38	0.48
23403884	0.02	-0.31	1.07	880.00	880.00	14.25	0.41
23456924	0.08	0.33	1.10	1002.00	1002.00	14.20	-0.16
23512044	0.08	0.27	1.12	1065.00	1065.00	14.21	0.04
23566124	0.10	0.51	1.17	1091.00	1091.00	14.33	0.23
23620204	0.14	0.88	1.29	1003.00	1003.00	14.50	0.20
23674284	0.06	0.08	1.30	853.00	853.00	14.68	2.26
23726284	0.06	0.09	1.30	722.00	722.00	14.78	1.19
23778284	-0.01	-0.60	1.31	609.00	609.00	14.79	-0.02
23833404	0.03	-0.17	1.30	636.00	636.00	14.80	-0.03
23887484	0.01	-0.43	1.30	674.00	674.00	14.72	0.19
23940524	0.01	-0.38	1.30	812.00	812.00	14.60	0.31
23993564	0.03	-0.14	1.29	949.00	949.00	14.51	0.64
24046608	0.08	0.28	1.31	1071.00	1071.00	14.52	0.04
24100684	0.10	0.52	1.36	1136.00	1136.00	14.59	0.15
24154764	0.07	0.22	1.38	1139.00	1139.00	14.83	1.06
24208844	0.11	0.61	1.45	1119.00	1119.00	15.29	0.75
24262924	0.10	0.51	1.50	964.00	964.00	15.71	0.82
24314924	0.05	0.01	1.50	853.00	853.00	16.13	53.11
24367964	0.02	-0.30	1.49	695.00	695.00	16.23	-0.34
24422044	0.01	-0.38	1.49	663.00	663.00	16.21	0.05
24475084	0.05	-0.02	1.49	654.00	654.00	15.94	11.46
24529164	0.01	-0.40	1.48	743.00	743.00	15.58	0.88
24582204	0.02	-0.23	1.48	851.00	851.00	15.20	1.62
24635244	0.03	-0.19	1.47	967.00	967.00	14.91	1.57
24688284	0.07	0.19	1.48	1104.00	1104.00	14.85	-0.32
24743404	0.11	0.67	1.56	1157.00	1157.00	14.92	0.10
24797484	0.05	0.07	1.57	1182.00	1182.00	15.29	5.58
24851564	0.11	0.66	1.64	1088.00	1088.00	15.70	0.62
24905644	0.05	0.05	1.64	972.00	972.00	16.17	10.05
24958684	0.07	0.23	1.66	832.00	832.00	16.47	1.25
25010684	0.02	-0.29	1.65	710.00	710.00	16.56	-0.33
25064764	0.03	-0.19	1.65	609.00	609.00	16.33	1.19
25117804	0.04	-0.11	1.64	550.00	550.00	15.81	4.68
25170844	0.02	-0.25	1.64	515.00	515.00	15.03	3.12
25223884	0.05	0.00	1.64	532.00	532.00	14.05	inf
25274844	0.05	-0.00	1.64	538.00	538.00	12.98	269.48
25329964	0.05	-0.00	1.64	538.00	538.00	11.87	280.36
25385084	0.05	-0.00	1.64	532.00	532.00	10.91	242.05
25440204	0.05	-0.03	1.64	516.00	516.00	10.12	28.36
25494284	0.05	-0.03	1.64	564.00	564.00	9.66	16.67
25547324	0.05	-0.03	1.63	559.00	559.00	9.40	9.39
25599324	0.05	-0.00	1.63	600.00	600.00	9.39	3.92
25651324	0.04	-0.04	1.63	616.00	616.00	9.50	-2.61
25704364	0.05	0.05	1.63	636.00	636.00	9.71	4.39
25755324	0.05	-0.02	1.63	633.00	633.00	9.88	-10.99
25809404	0.05	-0.00	1.63	654.00	654.00	10.08	-50.50
25864524	0.05	0.01	1.63	684.00	684.00	10.33	31.78
25917564	0.05	-0.02	1.63	704.00	704.00	10.63	-12.48
25972684	0.05	0.01	1.63	758.00	758.00	11.05	35.12
26025724	0.05	0.04	1.64	782.00	782.00	11.42	10.54
26078764	0.05	0.05	1.64	803.00	803.00	11.84	8.85
26130764	0.04	-0.04	1.64	806.00	806.00	12.20	-8.15
26184844	0.04	-0.03	1.63	826.00	826.00	12.56	-11.43
26239964	0.05	0.03	1.64	848.00	848.00	12.93	13.18
26293004	0.05	0.03	1.64	872.00	872.00	13.34	13.01
26346044	0.04	-0.05	1.64	892.00	892.00	13.75	-8.63
26400124	0.05	0.04	1.64	916.00	916.00	14.15	11.22
26453164	0.05	-0.02	1.64	970.00	970.00	14.61	-19.30
26508284	0.05	0.05	1.64	985.00	985.00	15.00	7.60
26560284	0.05	-0.01	1.64	1006.00	1006.00	15.39	-48.76
26617484	0.06	0.15	1.65	1027.00	1027.00	15.77	2.64
26671564	0.05	0.00	1.65	1044.00	1044.00	16.18	inf
26724604	0.05	-0.02	1.65	1043.00	1043.00	16.56	-18.89
26781804	0.06	0.09	1.65	1061.00	1061.00	16.92	4.03
26835884	0.05	-0.03	1.65	1085.00	1085.00	17.29	-11.59
26893084	0.05	0.02	1.65	1106.00	1106.00	17.66	23.29
26948204	0.05	-0.02	1.65	1121.00	1121.00	18.01	-22.31
27005404	0.05	-0.02	1.65	1142.00	1142.00	18.31	-14.98
27062604	0.05	-0.00	1.65	1158.00	1158.00	18.61	-75.31
27119804	0.05	-0.02	1.65	1170.00	1170.00	18.89	-17.85
27177004	0.05	0.01	1.65	1178.00	1178.00	19.15	21.91
27232124	0.05	0.02	1.65	1186.00	1186.00	19.40	15.45
27287244	0.05	0.01	1.65	1214.00	1214.00	19.69	37.22
27342364	0.05	0.00	1.65	1214.00	1214.00	19.96	inf
27395404	0.05	0.00	1.65	1214.00	1214.00	20.18	inf
27448444	0.05	0.00	1.65	1182.00	1182.00	20.31	inf
27501484	0.05	0.00	1.65	1190.00	1190.00	20.43	inf
27554524	0.05	0.00	1.65	1214.00	1214.00	20.55	31.34
27609644	0.05	-0.00	1.65	1187.00	1187.00	20.60	-12.63
27666844	0.05	0.00	1.65	1214.00	1214.00	20.68	inf
27719884	0.05	0.00	1.65	1188.00	1188.00	20.69	4.35
27773968	0.05	0.00	1.65	1183.00	1183.00	20.69	inf
27827004	0.05	0.00	1.65	1214.00	1214.00	20.69	nan
27880044	0.05	0.00	1.65	1214.00	1214.00	20.69	nan
27933084	0.05	0.00	1.65	1189.00	1189.00	20.65	inf
27986124	0.05	0.00	1.65	1190.00	1190.00	20.66	3.48
28040208	0.05	0.00	1.65	1208.00	1208.00	20.69	inf
28093244	0.05	0.00	1.65	1214.00	1214.00	20.69	nan
28146284	0.05	0.00	1.65	1190.00	1190.00	20.70	1.31
28200364	0.05	0.00	1.65	1189.00	1189.00	20.65	-10.88
28256524	0.05	-0.00	1.65	1214.00	1214.00	20.70	-11.32
28313724	0.05	-0.00	1.65	1183.00	1183.00	20.70	0.00
28368844	0.05	0.00	1.65	1190.00	1190.00	20.66	inf
28421884	0.05	-0.00	1.65	1187.00	1187.00	20.61	11.75
28478044	0.05	-0.00	1.65	1188.00	1188.00	20.61	0.44
28533164	0.05	0.00	1.65	1214.00	1214.00	20.65	inf
28586204	0.05	-0.00	1.65	1214.00	1214.00	20.66	-2.61
28642364	0.05	0.00	1.65	1184.00	1184.00	20.61	-13.06
28698524	0.05	-0.00	1.65	1190.00	1190.00	20.61	0.00
28753644	0.05	-0.00	1.65	1190.00	1190.00	20.61	-0.44
28809804	0.05	0.00	1.65	1190.00	1190.00	20.57	inf
28862844	0.05	0.00	1.65	1190.00	1190.00	20.58	inf
28915884	0.05	0.00	1.65	1190.00	1190.00	20.58	nan
28968924	0.05	0.00	1.65	1190.00	1190.00	20.59	inf
29021964	0.05	-0.00	1.65	1190.00	1190.00	20.59	-0.87
29078124	0.05	0.00	1.65	1190.00	1190.00	20.55	inf
29131164	0.05	0.00	1.65	1190.00	1190.00	20.51	inf
29184204	0.05	-0.00	1.65	1190.00	1190.00	20.52	-2.61
29240364	0.05	0.00	1.65	1184.00	1184.00	20.51	inf
29293404	0.05	-0.00	1.65	1190.00	1190.00	20.51	0.00
29348524	0.05	-0.01	1.65	1190.00	1190.00	20.51	0.00
29403644	0.05	0.00	1.65	1216.00	1216.00	20.55	inf
29456684	0.05	0.00	1.65	1190.00	1190.00	20.55	nan
29509724	0.05	0.00	1.65	1184.00	1184.00	20.54	inf
29562764	0.05	0.00	1.65	1190.00	1190.00	20.54	nan
29615804	0.05	0.00	1.65	1216.00	1216.00	20.59	inf
29668844	0.05	-0.01	1.65	1189.00	1189.00	20.58	0.22
29723964	0.05	0.00	1.65	1190.00	1190.00	20.58	nan
29777004	0.05	0.00	1.65	1185.00	1185.00	20.59	inf
29830044	0.05	0.00	1.65	1190.00	1190.00	20.59	nan
29883084	0.05	0.00	1.65	1190.00	1190.00	20.59	0.00
29937164	0.05	0.00	1.65	1190.00	1190.00	20.54	inf
29990204	0.05	0.00	1.65	1190.00	1190.00	20.54	nan
30043244	0.05	0.00	1.65	1185.00	1185.00	20.54	0.44
30097324	0.05	0.00	1.65	1190.00	1190.00	20.54	nan
30150364	0.05	-0.00	1.65	1190.00	1190.00	20.50	11.32
30206524	0.05	-0.00	1.65	1191.00	1191.00	20.50	-0.87
30262684	0.05	-0.00	1.65	1191.00	1191.00	20.50	-0.43
30318844	0.05	-0.00	1.65	1190.00	1190.00	20.51	-2.18
30375004	0.05	-0.00	1.65	1184.00	1184.00	20.50	2.61
30430124	0.05	-0.00	1.65	1190.00	1190.00	20.50	0.00
30485244	0.05	-0.00	1.65	1190.00	1190.00	20.50	0.00
30540364	0.05	0.00	1.65	1190.00	1190.00	20.50	nan
30593404	0.05	0.00	1.65	1190.00	1190.00	20.51	inf
30646444	0.05	0.00	1.65	1190.00	1190.00	20.51	nan
30699484	0.05	0.00	1.65	1191.00	1191.00	20.51	inf
30752524	0.05	0.00	1.65	1190.00	1190.00	20.51	-0.44
30807644	0.05	0.00	1.65	1190.00	1190.00	20.51	-0.43
30862764	0.05	0.00	1.65	1190.00	1190.00	20.51	0.00
30916844	0.05	0.00	1.65	1191.00	1191.00	20.52	3.05
30970924	0.05	0.00	1.65	1184.00	1184.00	20.51	inf
31023964	0.05	0.01	1.65	1191.00	1191.00	20.51	0.22
31078044	0.05	0.00	1.65	1189.00	1189.00	20.51	inf
31131084	0.05	0.00	1.65	1190.00	1190.00	20.51	0.00
31185164	0.05	0.00	1.65	1189.00	1189.00	20.51	inf
31238204	0.05	-0.00	1.65	1184.00	1184.00	20.50	3.05
31293324	0.05	0.00	1.65	1191.00	1191.00	20.50	inf
31346364	0.05	0.00	1.65	1190.00	1190.00	20.50	0.00
31400444	0.05	-0.00	1.65	1190.00	1190.00	20.50	0.00
31455564	0.05	-0.00	1.65	1189.00	1189.00	20.49	0.87
31510684	0.05	0.00	1.65	1185.00	1185.00	20.50	0.44
31564764	0.05	0.00	1.65	1190.00	1190.00	20.49	inf
31617804	0.05	-0.00	1.65	1191.00	1191.00	20.50	-0.87
