 3000.000000000	   55.000000000	   81.000000000	    3.000000000	    2.000000000	   20.000000000	    3.177666667	    0.627202913	    0.940900685	    0.784208067	    0.576703834
 3000.000000000	   55.000000000	   72.000000000	    4.000000000	    2.000000000	   20.000000000	    2.819000000	    0.445962248	    0.618197312	    0.551519976	    0.450065441
 3000.000000000	   55.000000000	   78.000000000	    6.000000000	    2.000000000	   20.000000000	    3.069666667	    0.444108857	    0.950671625	    0.788673475	    0.549441089
 3000.000000000	   55.000000000	   72.000000000	    8.000000000	    2.000000000	   20.000000000	    2.826333333	    0.385702519	    1.068759291	    0.770090217	    0.472219501
 3000.000000000	   55.000000000	   70.000000000	   10.000000000	    2.000000000	   20.000000000	    2.748000000	    0.369638516	    1.059065623	    0.783468790	    0.586123890
 3000.000000000	   55.000000000	   72.000000000	   12.000000000	    2.000000000	   20.000000000	    2.819333333	    0.421879108	    1.014193811	    0.776454888	    0.488904086
 3000.000000000	   55.000000000	   84.000000000	   14.000000000	    2.000000000	   20.000000000	    3.295333333	    0.440296459	    1.019260258	    0.778191574	    0.587043426
 3000.000000000	   55.000000000	   96.000000000	   16.000000000	    2.000000000	   20.000000000	    3.761000000	    0.450522874	    1.049358654	    0.777563644	    0.488873117
 3250.000000000	   55.000000000	   66.000000000	    3.000000000	    2.000000000	   20.000000000	    2.973000000	    0.443497364	    1.009396596	    0.841146342	    0.661829056
 3250.000000000	   55.000000000	   60.000000000	    4.000000000	    2.000000000	   20.000000000	    2.698666667	    0.419837319	    0.699781863	    0.628212411	    0.491276273
 3250.000000000	   55.000000000	   66.000000000	    6.000000000	    2.000000000	   20.000000000	    2.968666667	    0.385068320	    1.029644687	    0.862517255	    0.653029438
 3250.000000000	   55.000000000	   56.000000000	    8.000000000	    2.000000000	   20.000000000	    2.513666667	    0.407951089	    1.179188714	    0.840438475	    0.492570647
 3250.000000000	   55.000000000	   70.000000000	   10.000000000	    2.000000000	   20.000000000	    3.150000000	    0.359422788	    1.169463636	    0.858541469	    0.620234216
 3250.000000000	   55.000000000	   60.000000000	   12.000000000	    2.000000000	   20.000000000	    2.697000000	    0.360538007	    1.127694607	    0.851347377	    0.524275853
 3250.000000000	   55.000000000	   70.000000000	   14.000000000	    2.000000000	   20.000000000	    3.142666667	    0.370892925	    1.112113105	    0.851736375	    0.627638700
 3250.000000000	   55.000000000	   80.000000000	   16.000000000	    2.000000000	   20.000000000	    3.595000000	    0.427709847	    1.151879515	    0.850384648	    0.524130764
 3500.000000000	   55.000000000	   54.000000000	    3.000000000	    2.000000000	   20.000000000	    2.686333333	    0.327699979	    1.080041303	    0.900665141	    0.700157565
 3500.000000000	   55.000000000	   52.000000000	    4.000000000	    2.000000000	   20.000000000	    2.597000000	    0.369466214	    0.752393187	    0.674075521	    0.530050698
 3500.000000000	   55.000000000	   54.000000000	    6.000000000	    2.000000000	   20.000000000	    2.694333333	    0.330503672	    1.104413272	    0.922248034	    0.694732347
 3500.000000000	   55.000000000	   56.000000000	    8.000000000	    2.000000000	   20.000000000	    2.791333333	    0.395745925	    1.263665899	    0.901572260	    0.520730189
 3500.000000000	   55.000000000	   50.000000000	   10.000000000	    2.000000000	   20.000000000	    2.494000000	    0.340051747	    1.258003644	    0.914951953	    0.663224446
 3500.000000000	   55.000000000	   60.000000000	   12.000000000	    2.000000000	   20.000000000	    2.992000000	    0.356926785	    1.211433598	    0.913162815	    0.552390530
 3500.000000000	   55.000000000	   70.000000000	   14.000000000	    2.000000000	   20.000000000	    3.488000000	    0.379473319	    1.199787094	    0.913828650	    0.663464904
 3500.000000000	   55.000000000	   64.000000000	   16.000000000	    2.000000000	   20.000000000	    3.187333333	    0.345000359	    1.210685575	    0.908151398	    0.571135577
 3750.000000000	   55.000000000	   45.000000000	    3.000000000	    2.000000000	   20.000000000	    2.438000000	    0.260344646	    1.189894841	    0.983567260	    0.773212862
 3750.000000000	   55.000000000	   48.000000000	    4.000000000	    2.000000000	   20.000000000	    2.602666667	    0.347406618	    0.813840862	    0.728880096	    0.557298897
 3750.000000000	   55.000000000	   48.000000000	    6.000000000	    2.000000000	   20.000000000	    2.609666667	    0.273746321	    1.204365568	    1.005188977	    0.738822817
 3750.000000000	   55.000000000	   56.000000000	    8.000000000	    2.000000000	   20.000000000	    3.031000000	    0.371721908	    1.377212377	    0.979211109	    0.565706988
 3750.000000000	   55.000000000	   50.000000000	   10.000000000	    2.000000000	   20.000000000	    2.708666667	    0.354534947	    1.360874528	    0.993884440	    0.739001759
 3750.000000000	   55.000000000	   60.000000000	   12.000000000	    2.000000000	   20.000000000	    3.256333333	    0.370716405	    1.320031147	    0.991534715	    0.610971896
 3750.000000000	   55.000000000	   56.000000000	   14.000000000	    2.000000000	   20.000000000	    3.032000000	    0.342188681	    1.239159121	    0.984434941	    0.758793006
 3750.000000000	   55.000000000	   48.000000000	   16.000000000	    2.000000000	   20.000000000	    2.600333333	    0.331056455	    1.364122309	    0.988232134	    0.609472185
 4000.000000000	   55.000000000	   39.000000000	    3.000000000	    2.000000000	   20.000000000	    2.254666667	    0.272227636	    1.290761982	    1.081628324	    0.816622888
 4000.000000000	   55.000000000	   48.000000000	    4.000000000	    2.000000000	   20.000000000	    2.783000000	    0.346454948	    0.835848237	    0.753991988	    0.598183761
 4000.000000000	   55.000000000	   48.000000000	    6.000000000	    2.000000000	   20.000000000	    2.780666667	    0.291318802	    1.269155277	    1.079041322	    0.752531762
 4000.000000000	   55.000000000	   56.000000000	    8.000000000	    2.000000000	   20.000000000	    3.249333333	    0.354593292	    1.455242646	    1.057981705	    0.654158196
 4000.000000000	   55.000000000	   50.000000000	   10.000000000	    2.000000000	   20.000000000	    2.891000000	    0.358581810	    1.400753898	    1.063452342	    0.847400135
 4000.000000000	   55.000000000	   60.000000000	   12.000000000	    2.000000000	   20.000000000	    3.478666667	    0.366228695	    1.378396976	    1.052762676	    0.683446520
 4000.000000000	   55.000000000	   56.000000000	   14.000000000	    2.000000000	   20.000000000	    3.250333333	    0.377754077	    1.339289502	    1.060210429	    0.828620204
 4000.000000000	   55.000000000	   48.000000000	   16.000000000	    2.000000000	   20.000000000	    2.781000000	    0.332389555	    1.501566323	    1.063925877	    0.623572502
 4250.000000000	   55.000000000	   36.000000000	    3.000000000	    2.000000000	   20.000000000	    2.213000000	    0.269842410	    1.260641755	    1.076469243	    0.769496238
 4250.000000000	   55.000000000	   44.000000000	    4.000000000	    2.000000000	   20.000000000	    2.707333333	    0.317984281	    0.859864835	    0.778784544	    0.673319116
 4250.000000000	   55.000000000	   48.000000000	    6.000000000	    2.000000000	   20.000000000	    2.953000000	    0.318683583	    1.308297463	    1.094845416	    0.775366666
 4250.000000000	   55.000000000	   48.000000000	    8.000000000	    2.000000000	   20.000000000	    2.953000000	    0.342892464	    1.470166204	    1.068794199	    0.674206002
 4250.000000000	   55.000000000	   40.000000000	   10.000000000	    2.000000000	   20.000000000	    2.457000000	    0.302615117	    1.501673959	    1.091146180	    0.771152858
 4250.000000000	   55.000000000	   48.000000000	   12.000000000	    2.000000000	   20.000000000	    2.952000000	    0.325613646	    1.439620463	    1.087627547	    0.672833406
 4250.000000000	   55.000000000	   42.000000000	   14.000000000	    2.000000000	   20.000000000	    2.583666667	    0.344813810	    1.456682666	    1.092515630	    0.773167740
 4250.000000000	   55.000000000	   48.000000000	   16.000000000	    2.000000000	   20.000000000	    2.958333333	    0.356607397	    1.488539194	    1.089451460	    0.631740095
 4500.000000000	   55.000000000	   33.000000000	    3.000000000	    2.000000000	   20.000000000	    2.134333333	    0.247912203	    1.466677608	    1.204872512	    0.945658744
 4500.000000000	   55.000000000	   44.000000000	    4.000000000	    2.000000000	   20.000000000	    2.836666667	    0.325038605	    0.991302456	    0.887872701	    0.658180515
 4500.000000000	   55.000000000	   42.000000000	    6.000000000	    2.000000000	   20.000000000	    2.705333333	    0.271867862	    1.454179329	    1.220350351	    0.876198758
 4500.000000000	   55.000000000	   40.000000000	    8.000000000	    2.000000000	   20.000000000	    2.581000000	    0.284737829	    1.630803562	    1.191324209	    0.746449366
 4500.000000000	   55.000000000	   40.000000000	   10.000000000	    2.000000000	   20.000000000	    2.581666667	    0.332493938	    1.580761063	    1.198226737	    0.969700435
 4500.000000000	   55.000000000	   48.000000000	   12.000000000	    2.000000000	   20.000000000	    3.095333333	    0.339155690	    1.560314042	    1.193019462	    0.770464480
 4500.000000000	   55.000000000	   42.000000000	   14.000000000	    2.000000000	   20.000000000	    2.710666667	    0.356482775	    1.564084933	    1.205425768	    0.867695258
 4500.000000000	   55.000000000	   48.000000000	   16.000000000	    2.000000000	   20.000000000	    3.099000000	    0.376248302	    1.660029782	    1.201805731	    0.745467872
 4750.000000000	   55.000000000	   33.000000000	    3.000000000	    2.000000000	   20.000000000	    2.221333333	    0.281625799	    1.411202559	    1.223530221	    0.874383270
 4750.000000000	   55.000000000	   44.000000000	    4.000000000	    2.000000000	   20.000000000	    2.971333333	    0.327204925	    0.939693942	    0.875361562	    0.766540061
 4750.000000000	   55.000000000	   42.000000000	    6.000000000	    2.000000000	   20.000000000	    2.827666667	    0.277769970	    1.477820288	    1.248428734	    0.889924243
 4750.000000000	   55.000000000	   40.000000000	    8.000000000	    2.000000000	   20.000000000	    2.698333333	    0.282192151	    1.632644031	    1.209534485	    0.785660078
 4750.000000000	   55.000000000	   40.000000000	   10.000000000	    2.000000000	   20.000000000	    2.697000000	    0.358061583	    1.720594904	    1.238840762	    0.885811527
 4750.000000000	   55.000000000	   48.000000000	   12.000000000	    2.000000000	   20.000000000	    3.230000000	    0.342370000	    1.661848356	    1.237714692	    0.777942964
 4750.000000000	   55.000000000	   42.000000000	   14.000000000	    2.000000000	   20.000000000	    2.834000000	    0.359499522	    1.672354408	    1.243562333	    0.889638426
 4750.000000000	   55.000000000	   48.000000000	   16.000000000	    2.000000000	   20.000000000	    3.225333333	    0.393052783	    1.703227907	    1.238499707	    0.688622437
 5000.000000000	   55.000000000	   33.000000000	    3.000000000	    2.000000000	   20.000000000	    2.302666667	    0.301174064	    1.674354682	    1.375722355	    1.086408567
 5000.000000000	   55.000000000	   40.000000000	    4.000000000	    2.000000000	   20.000000000	    2.793666667	    0.310681635	    1.104740435	    0.985930252	    0.715747052
 5000.000000000	   55.000000000	   42.000000000	    6.000000000	    2.000000000	   20.000000000	    2.929333333	    0.292085190	    1.628578168	    1.376406701	    0.935488301
 5000.000000000	   55.000000000	   40.000000000	    8.000000000	    2.000000000	   20.000000000	    2.794666667	    0.281119835	    1.802281248	    1.345253810	    0.869893065
 5000.000000000	   55.000000000	   40.000000000	   10.000000000	    2.000000000	   20.000000000	    2.792333333	    0.366071802	    1.726333075	    1.348131190	    1.131069750
 5000.000000000	   55.000000000	   48.000000000	   12.000000000	    2.000000000	   20.000000000	    3.349000000	    0.357139708	    1.721937984	    1.344245960	    0.879372494
 5000.000000000	   55.000000000	   42.000000000	   14.000000000	    2.000000000	   20.000000000	    2.932000000	    0.355828224	    1.787892006	    1.362064796	    0.938379126
 5000.000000000	   55.000000000	   48.000000000	   16.000000000	    2.000000000	   20.000000000	    3.347333333	    0.400788346	    1.901748881	    1.359774434	    0.833386260
 5250.000000000	   55.000000000	   33.000000000	    3.000000000	    2.000000000	   20.000000000	    2.386000000	    0.325232906	    1.601108282	    1.327194785	    0.960763990
 5250.000000000	   55.000000000	   40.000000000	    4.000000000	    2.000000000	   20.000000000	    2.889000000	    0.304219209	    1.076350949	    0.963638243	    0.805393683
 5250.000000000	   55.000000000	   42.000000000	    6.000000000	    2.000000000	   20.000000000	    3.028333333	    0.312098925	    1.603312084	    1.342486876	    0.954991199
 5250.000000000	   55.000000000	   40.000000000	    8.000000000	    2.000000000	   20.000000000	    2.891333333	    0.279369613	    1.822815718	    1.312691250	    0.816182964
 5250.000000000	   55.000000000	   40.000000000	   10.000000000	    2.000000000	   20.000000000	    2.884000000	    0.388766748	    1.812119472	    1.334677703	    0.948411138
 5250.000000000	   55.000000000	   36.000000000	   12.000000000	    2.000000000	   20.000000000	    2.601333333	    0.383392301	    1.728680730	    1.328777682	    0.821072706
 5250.000000000	   55.000000000	   42.000000000	   14.000000000	    2.000000000	   20.000000000	    3.024666667	    0.366322828	    1.753886207	    1.332374293	    0.950401085
 5250.000000000	   55.000000000	   48.000000000	   16.000000000	    2.000000000	   20.000000000	    3.469000000	    0.417788081	    1.811732847	    1.331006354	    0.821334963
 5500.000000000	   55.000000000	   33.000000000	    3.000000000	    2.000000000	   20.000000000	    2.450333333	    0.334465711	    1.744391080	    1.513558356	    1.115431248
 5500.000000000	   55.000000000	   36.000000000	    4.000000000	    2.000000000	   20.000000000	    2.672666667	    0.344600372	    1.149758464	    1.049059732	    0.916086792
 5500.000000000	   55.000000000	   42.000000000	    6.000000000	    2.000000000	   20.000000000	    3.118333333	    0.332995324	    1.789640407	    1.524674596	    1.166872353
 5500.000000000	   55.000000000	   40.000000000	    8.000000000	    2.000000000	   20.000000000	    2.969000000	    0.282266239	    1.857022093	    1.454845240	    0.969012287
 5500.000000000	   55.000000000	   40.000000000	   10.000000000	    2.000000000	   20.000000000	    2.964333333	    0.397348430	    2.027372218	    1.500821980	    1.175337748
 5500.000000000	   55.000000000	   36.000000000	   12.000000000	    2.000000000	   20.000000000	    2.670666667	    0.396270007	    1.901901462	    1.486468412	    0.818855177
 5500.000000000	   55.000000000	   42.000000000	   14.000000000	    2.000000000	   20.000000000	    3.123000000	    0.369393958	    2.062996174	    1.498226752	    1.041350820
 5500.000000000	   55.000000000	   48.000000000	   16.000000000	    2.000000000	   20.000000000	    3.560000000	    0.425732210	    2.118829781	    1.497801258	    0.818083017
 5750.000000000	   55.000000000	   30.000000000	    3.000000000	    2.000000000	   20.000000000	    2.285333333	    0.316959193	    1.957105618	    1.606787051	    1.285366349
 5750.000000000	   55.000000000	   36.000000000	    4.000000000	    2.000000000	   20.000000000	    2.748666667	    0.343275811	    1.313603515	    1.151390898	    0.817473745
 5750.000000000	   55.000000000	   42.000000000	    6.000000000	    2.000000000	   20.000000000	    3.195333333	    0.346038161	    1.910818028	    1.614506192	    1.107727639
 5750.000000000	   55.000000000	   40.000000000	    8.000000000	    2.000000000	   20.000000000	    3.050333333	    0.290393977	    2.114487960	    1.572091986	    1.010626830
 5750.000000000	   55.000000000	   40.000000000	   10.000000000	    2.000000000	   20.000000000	    3.036666667	    0.407621202	    2.019559218	    1.574103314	    1.338547718
 5750.000000000	   55.000000000	   36.000000000	   12.000000000	    2.000000000	   20.000000000	    2.743333333	    0.381868566	    2.155580742	    1.593885716	    0.985557225
 5750.000000000	   55.000000000	   42.000000000	   14.000000000	    2.000000000	   20.000000000	    3.205000000	    0.372383169	    2.067610942	    1.590553038	    1.073024260
 5750.000000000	   55.000000000	   48.000000000	   16.000000000	    2.000000000	   20.000000000	    3.650666667	    0.436833736	    2.214540366	    1.584742450	    0.984958071
 6000.000000000	   55.000000000	   30.000000000	    3.000000000	    2.000000000	   20.000000000	    2.337666667	    0.328261549	    1.864222496	    1.523722616	    1.143045356
 6000.000000000	   55.000000000	   28.000000000	    4.000000000	    2.000000000	   20.000000000	    2.181000000	    0.277056320	    1.278962237	    1.138406946	    0.896917473
 6000.000000000	   55.000000000	   42.000000000	    6.000000000	    2.000000000	   20.000000000	    3.274000000	    0.361707908	    1.873514592	    1.571677760	    1.134847598
 6000.000000000	   55.000000000	   40.000000000	    8.000000000	    2.000000000	   20.000000000	    3.123666667	    0.308439660	    2.165978558	    1.539278701	    0.901702686
 6000.000000000	   55.000000000	   40.000000000	   10.000000000	    2.000000000	   20.000000000	    3.109000000	    0.401597162	    2.147974383	    1.555877564	    1.131605486
 6000.000000000	   55.000000000	   36.000000000	   12.000000000	    2.000000000	   20.000000000	    2.808333333	    0.384665324	    2.030062052	    1.550023721	    0.970192043
 6000.000000000	   55.000000000	   42.000000000	   14.000000000	    2.000000000	   20.000000000	    3.274333333	    0.378441242	    1.985901425	    1.556201979	    1.133328979
 6000.000000000	   55.000000000	   48.000000000	   16.000000000	    2.000000000	   20.000000000	    3.740000000	    0.432471358	    2.082011815	    1.555038741	    0.970553726
 6250.000000000	   55.000000000	   30.000000000	    3.000000000	    2.000000000	   20.000000000	    2.383333333	    0.331073420	    1.874527991	    1.615479640	    1.148967526
 6250.000000000	   55.000000000	   28.000000000	    4.000000000	    2.000000000	   20.000000000	    2.229333333	    0.290481481	    1.308936620	    1.197294555	    1.061775505
 6250.000000000	   55.000000000	   42.000000000	    6.000000000	    2.000000000	   20.000000000	    3.344000000	    0.379219999	    1.966011001	    1.666243120	    1.171706355
 6250.000000000	   55.000000000	   40.000000000	    8.000000000	    2.000000000	   20.000000000	    3.179666667	    0.302820868	    2.156483757	    1.608172275	    1.066814456
 6250.000000000	   55.000000000	   40.000000000	   10.000000000	    2.000000000	   20.000000000	    3.190666667	    0.415045696	    2.321494054	    1.649851210	    1.162411384
 6250.000000000	   55.000000000	   36.000000000	   12.000000000	    2.000000000	   20.000000000	    2.863000000	    0.370482315	    2.131707634	    1.650034187	    0.880342566
 6250.000000000	   55.000000000	   42.000000000	   14.000000000	    2.000000000	   20.000000000	    3.333666667	    0.378342480	    2.241052922	    1.660174308	    1.169790481
 6250.000000000	   55.000000000	   48.000000000	   16.000000000	    2.000000000	   20.000000000	    3.818333333	    0.433033571	    2.266568024	    1.650605931	    0.880141129
 6500.000000000	   55.000000000	   30.000000000	    3.000000000	    2.000000000	   20.000000000	    2.436000000	    0.346444835	    2.112011590	    1.857664410	    1.408072282
 6500.000000000	   55.000000000	   28.000000000	    4.000000000	    2.000000000	   20.000000000	    2.270000000	    0.295651200	    1.479855503	    1.315883309	    1.192281878
 6500.000000000	   55.000000000	   42.000000000	    6.000000000	    2.000000000	   20.000000000	    3.405000000	    0.391315893	    2.175346842	    1.869467240	    1.401786816
 6500.000000000	   55.000000000	   40.000000000	    8.000000000	    2.000000000	   20.000000000	    3.247000000	    0.318124684	    2.239934039	    1.768363713	    1.183661224
 6500.000000000	   55.000000000	   40.000000000	   10.000000000	    2.000000000	   20.000000000	    3.242000000	    0.420120685	    2.410125912	    1.822059169	    1.493475483
 6500.000000000	   55.000000000	   36.000000000	   12.000000000	    2.000000000	   20.000000000	    2.924666667	    0.373300323	    2.294922710	    1.810870148	    0.994966440
 6500.000000000	   55.000000000	   42.000000000	   14.000000000	    2.000000000	   20.000000000	    3.406666667	    0.373401014	    2.532711296	    1.815981363	    1.163657722
 6500.000000000	   55.000000000	   32.000000000	   16.000000000	    2.000000000	   20.000000000	    2.596000000	    0.325919556	    2.580010598	    1.807347505	    1.208723176
 6750.000000000	   55.000000000	   30.000000000	    3.000000000	    2.000000000	   20.000000000	    2.472333333	    0.349318258	    2.389007452	    1.966609925	    1.590673327
 6750.000000000	   55.000000000	   28.000000000	    4.000000000	    2.000000000	   20.000000000	    2.311333333	    0.305956875	    1.651309272	    1.349696030	    1.118875676
 6750.000000000	   55.000000000	   42.000000000	    6.000000000	    2.000000000	   20.000000000	    3.465666667	    0.410542718	    2.279743061	    1.944810866	    1.225186192
 6750.000000000	   55.000000000	   40.000000000	    8.000000000	    2.000000000	   20.000000000	    3.302666667	    0.323604436	    2.471036191	    1.904396546	    1.264353855
 6750.000000000	   55.000000000	   40.000000000	   10.000000000	    2.000000000	   20.000000000	    3.300666667	    0.422163739	    2.314279352	    1.888772988	    1.634060189
 6750.000000000	   55.000000000	   36.000000000	   12.000000000	    2.000000000	   20.000000000	    2.973666667	    0.373871192	    2.623172899	    1.930175417	    1.175199163
 6750.000000000	   55.000000000	   42.000000000	   14.000000000	    2.000000000	   20.000000000	    3.468000000	    0.384724449	    2.537462635	    1.921835243	    1.200818102
 6750.000000000	   55.000000000	   32.000000000	   16.000000000	    2.000000000	   20.000000000	    2.641000000	    0.350900299	    2.727065675	    1.901997145	    1.139949564
 7000.000000000	   55.000000000	   30.000000000	    3.000000000	    2.000000000	   20.000000000	    2.513666667	    0.366898492	    2.390529414	    1.899063459	    1.532085312
 7000.000000000	   55.000000000	   28.000000000	    4.000000000	    2.000000000	   20.000000000	    2.347000000	    0.314149152	    1.573667072	    1.406494339	    1.006731706
 7000.000000000	   55.000000000	   36.000000000	    6.000000000	    2.000000000	   20.000000000	    3.014333333	    0.330342101	    2.302590914	    1.942580695	    1.426699612
 7000.000000000	   55.000000000	   40.000000000	    8.000000000	    2.000000000	   20.000000000	    3.353666667	    0.338675740	    2.703945574	    1.917597238	    1.168672293
 7000.000000000	   55.000000000	   30.000000000	   10.000000000	    2.000000000	   20.000000000	    2.514666667	    0.287674355	    2.685039923	    1.932125603	    1.515555874
 7000.000000000	   55.000000000	   36.000000000	   12.000000000	    2.000000000	   20.000000000	    3.019666667	    0.379006275	    2.626955052	    1.922855612	    1.218337614
 7000.000000000	   55.000000000	   42.000000000	   14.000000000	    2.000000000	   20.000000000	    3.524666667	    0.382657642	    2.522780948	    1.936218373	    1.351624664
 7000.000000000	   55.000000000	   32.000000000	   16.000000000	    2.000000000	   20.000000000	    2.682000000	    0.363482091	    2.600907214	    1.920499820	    0.997739575
 7250.000000000	   55.000000000	   30.000000000	    3.000000000	    2.000000000	   20.000000000	    2.553333333	    0.379428766	    2.276462128	    1.843806687	    1.374030171
 7250.000000000	   55.000000000	   28.000000000	    4.000000000	    2.000000000	   20.000000000	    2.382000000	    0.316857414	    1.537907342	    1.378288595	    1.089263984
 7250.000000000	   55.000000000	   36.000000000	    6.000000000	    2.000000000	   20.000000000	    3.062666667	    0.342817365	    2.286894145	    1.905924717	    1.357043806
 7250.000000000	   55.000000000	   40.000000000	    8.000000000	    2.000000000	   20.000000000	    3.407000000	    0.341436216	    2.641736785	    1.861748303	    1.095168174
 7250.000000000	   55.000000000	   30.000000000	   10.000000000	    2.000000000	   20.000000000	    2.555666667	    0.292285986	    2.498747706	    1.879011216	    1.357017525
 7250.000000000	   55.000000000	   36.000000000	   12.000000000	    2.000000000	   20.000000000	    3.061333333	    0.373779704	    2.423483881	    1.871401092	    1.188117830
 7250.000000000	   55.000000000	   42.000000000	   14.000000000	    2.000000000	   20.000000000	    3.572666667	    0.381777682	    2.382831946	    1.877307663	    1.356100595
 7250.000000000	   55.000000000	   32.000000000	   16.000000000	    2.000000000	   20.000000000	    2.722000000	    0.369936282	    2.643424243	    1.886346558	    1.061350829
 7500.000000000	   55.000000000	   30.000000000	    3.000000000	    2.000000000	   20.000000000	    2.588666667	    0.384790936	    2.232316187	    1.923043866	    1.337244034
 7500.000000000	   55.000000000	   28.000000000	    4.000000000	    2.000000000	   20.000000000	    2.410666667	    0.320607254	    1.531598245	    1.410825328	    1.231569856
 7500.000000000	   55.000000000	   36.000000000	    6.000000000	    2.000000000	   20.000000000	    3.097000000	    0.329865006	    2.309738994	    1.963991719	    1.349276015
 7500.000000000	   55.000000000	   40.000000000	    8.000000000	    2.000000000	   20.000000000	    3.449333333	    0.346085085	    2.627001938	    1.913079698	    1.266897138
 7500.000000000	   55.000000000	   30.000000000	   10.000000000	    2.000000000	   20.000000000	    2.586000000	    0.282873383	    2.613435563	    1.960903130	    1.341044173
 7500.000000000	   55.000000000	   36.000000000	   12.000000000	    2.000000000	   20.000000000	    3.100000000	    0.373758279	    2.518055603	    1.953419508	    1.090236763
 7500.000000000	   55.000000000	   42.000000000	   14.000000000	    2.000000000	   20.000000000	    3.618000000	    0.392154741	    2.631634668	    1.966978991	    1.341048994
 7500.000000000	   55.000000000	   32.000000000	   16.000000000	    2.000000000	   20.000000000	    2.760333333	    0.366552747	    2.613693771	    1.957943326	    1.240258157
 7750.000000000	   55.000000000	   27.000000000	    3.000000000	    2.000000000	   20.000000000	    2.358333333	    0.337704901	    2.531700181	    2.099502394	    1.519344839
 7750.000000000	   55.000000000	   28.000000000	    4.000000000	    2.000000000	   20.000000000	    2.439000000	    0.327528875	    1.777492077	    1.565923729	    1.437172095
 7750.000000000	   55.000000000	   36.000000000	    6.000000000	    2.000000000	   20.000000000	    3.132000000	    0.323543939	    2.518758922	    2.192742495	    1.600142011
 7750.000000000	   55.000000000	   32.000000000	    8.000000000	    2.000000000	   20.000000000	    2.790000000	    0.335677443	    2.875044139	    2.136472280	    1.429597398
 7750.000000000	   55.000000000	   30.000000000	   10.000000000	    2.000000000	   20.000000000	    2.615666667	    0.294084147	    2.852371462	    2.157764655	    1.601397999
 7750.000000000	   55.000000000	   36.000000000	   12.000000000	    2.000000000	   20.000000000	    3.138000000	    0.381504902	    2.744059845	    2.150456843	    1.059172802
 7750.000000000	   55.000000000	   42.000000000	   14.000000000	    2.000000000	   20.000000000	    3.666000000	    0.398807588	    2.990066183	    2.167386051	    1.558320619
 7750.000000000	   55.000000000	   32.000000000	   16.000000000	    2.000000000	   20.000000000	    2.788666667	    0.361973483	    2.928851056	    2.148035856	    1.449924720
 8000.000000000	   55.000000000	   27.000000000	    3.000000000	    2.000000000	   20.000000000	    2.384666667	    0.338183598	    2.712813886	    2.358206009	    1.813180847
 8000.000000000	   55.000000000	   28.000000000	    4.000000000	    2.000000000	   20.000000000	    2.468000000	    0.330616893	    1.934505705	    1.675087021	    1.406333016
 8000.000000000	   55.000000000	   36.000000000	    6.000000000	    2.000000000	   20.000000000	    3.175333333	    0.326646987	    2.816874444	    2.406071643	    1.972635497
 8000.000000000	   55.000000000	   32.000000000	    8.000000000	    2.000000000	   20.000000000	    2.816666667	    0.339695703	    2.992551556	    2.277943118	    1.575174287
 8000.000000000	   55.000000000	   30.000000000	   10.000000000	    2.000000000	   20.000000000	    2.640666667	    0.289956447	    3.175792992	    2.338911670	    1.552652740
 8000.000000000	   55.000000000	   36.000000000	   12.000000000	    2.000000000	   20.000000000	    3.177333333	    0.371516146	    2.890111227	    2.303149597	    1.205939421
 8000.000000000	   55.000000000	   42.000000000	   14.000000000	    2.000000000	   20.000000000	    3.702666667	    0.394368093	    3.277612298	    2.317880796	    1.417967069
 8000.000000000	   55.000000000	   32.000000000	   16.000000000	    2.000000000	   20.000000000	    2.823666667	    0.381877158	    3.322211380	    2.308249975	    1.598597537
 8250.000000000	   55.000000000	   27.000000000	    3.000000000	    2.000000000	   20.000000000	    2.406000000	    0.347621052	    2.893800514	    2.552286139	    2.073002071
 8250.000000000	   55.000000000	   28.000000000	    4.000000000	    2.000000000	   20.000000000	    2.500333333	    0.333166291	    2.213220372	    1.748949106	    1.539371655
 8250.000000000	   55.000000000	   36.000000000	    6.000000000	    2.000000000	   20.000000000	    3.209000000	    0.334477682	    3.047192121	    2.555260315	    1.917066145
 8250.000000000	   55.000000000	   32.000000000	    8.000000000	    2.000000000	   20.000000000	    2.856333333	    0.334039792	    3.078610627	    2.346298377	    1.425258235
 8250.000000000	   55.000000000	   30.000000000	   10.000000000	    2.000000000	   20.000000000	    2.680333333	    0.296668747	    3.523299032	    2.493446894	    1.723505822
 8250.000000000	   55.000000000	   36.000000000	   12.000000000	    2.000000000	   20.000000000	    3.213666667	    0.373478301	    3.251569804	    2.469212117	    1.415041723
 8250.000000000	   55.000000000	   42.000000000	   14.000000000	    2.000000000	   20.000000000	    3.749333333	    0.410150380	    3.392380094	    2.443406998	    1.335848498
 8250.000000000	   55.000000000	   32.000000000	   16.000000000	    2.000000000	   20.000000000	    2.860000000	    0.383684611	    3.594114242	    2.421808012	    1.607972628
 8500.000000000	   55.000000000	   27.000000000	    3.000000000	    2.000000000	   20.000000000	    2.435333333	    0.352054207	    3.142377998	    2.621364362	    2.191575163
 8500.000000000	   55.000000000	   24.000000000	    4.000000000	    2.000000000	   20.000000000	    2.165333333	    0.270933498	    2.335189793	    1.837251846	    1.592184628
 8500.000000000	   55.000000000	   36.000000000	    6.000000000	    2.000000000	   20.000000000	    3.249666667	    0.340431432	    3.089111122	    2.604607893	    1.720317528
 8500.000000000	   55.000000000	   32.000000000	    8.000000000	    2.000000000	   20.000000000	    2.890666667	    0.323411908	    3.052732728	    2.395980009	    1.399682387
 8500.000000000	   55.000000000	   30.000000000	   10.000000000	    2.000000000	   20.000000000	    2.706333333	    0.298820392	    3.703042864	    2.556251196	    1.638381988
 8500.000000000	   55.000000000	   36.000000000	   12.000000000	    2.000000000	   20.000000000	    3.237333333	    0.379231731	    3.518644785	    2.560600456	    1.537257644
 8500.000000000	   55.000000000	   42.000000000	   14.000000000	    2.000000000	   20.000000000	    3.789666667	    0.410738814	    3.336613165	    2.543255900	    1.444265863
 8500.000000000	   55.000000000	   32.000000000	   16.000000000	    2.000000000	   20.000000000	    2.889666667	    0.396772515	    3.665875188	    2.507034321	    1.498261884
 8750.000000000	   55.000000000	   27.000000000	    3.000000000	    2.000000000	   20.000000000	    2.455666667	    0.354250451	    3.228266376	    2.577329296	    2.151295369
 8750.000000000	   55.000000000	   24.000000000	    4.000000000	    2.000000000	   20.000000000	    2.188333333	    0.268415810	    2.237444940	    1.821775511	    1.452564377
 8750.000000000	   55.000000000	   36.000000000	    6.000000000	    2.000000000	   20.000000000	    3.282000000	    0.343081355	    3.033793218	    2.584620934	    1.686959180
 8750.000000000	   55.000000000	   32.000000000	    8.000000000	    2.000000000	   20.000000000	    2.904000000	    0.329652011	    3.184105101	    2.472927012	    1.605033642
 8750.000000000	   55.000000000	   30.000000000	   10.000000000	    2.000000000	   20.000000000	    2.733666667	    0.311532497	    3.693049879	    2.581543113	    1.764901001
 8750.000000000	   55.000000000	   36.000000000	   12.000000000	    2.000000000	   20.000000000	    3.273333333	    0.381650059	    3.594271199	    2.569237510	    1.485921851
 8750.000000000	   55.000000000	   42.000000000	   14.000000000	    2.000000000	   20.000000000	    3.819000000	    0.412806746	    3.420755997	    2.573907600	    1.598965861
 8750.000000000	   55.000000000	   32.000000000	   16.000000000	    2.000000000	   20.000000000	    2.912666667	    0.402051795	    3.566554489	    2.542954722	    1.342040909
 9000.000000000	   55.000000000	   27.000000000	    3.000000000	    2.000000000	   20.000000000	    2.473333333	    0.359747560	    3.164343035	    2.478215158	    2.006879934
 9000.000000000	   55.000000000	   24.000000000	    4.000000000	    2.000000000	   20.000000000	    2.195000000	    0.276377854	    2.060541024	    1.834017661	    1.333035927
 9000.000000000	   55.000000000	   36.000000000	    6.000000000	    2.000000000	   20.000000000	    3.289666667	    0.340405295	    3.048075243	    2.565782503	    1.945156559
 9000.000000000	   55.000000000	   32.000000000	    8.000000000	    2.000000000	   20.000000000	    2.935333333	    0.325117981	    3.267195524	    2.502999231	    1.681108550
 9000.000000000	   55.000000000	   30.000000000	   10.000000000	    2.000000000	   20.000000000	    2.751000000	    0.308733767	    3.549051754	    2.538006775	    1.918386244
 9000.000000000	   55.000000000	   36.000000000	   12.000000000	    2.000000000	   20.000000000	    3.296333333	    0.382970698	    3.497688028	    2.535725383	    1.589070873
 9000.000000000	   55.000000000	   42.000000000	   14.000000000	    2.000000000	   20.000000000	    3.854333333	    0.421324450	    3.372425796	    2.554965633	    1.739444693
 9000.000000000	   55.000000000	   32.000000000	   16.000000000	    2.000000000	   20.000000000	    2.931000000	    0.407382518	    3.440949734	    2.539650791	    1.229598892
 9250.000000000	   55.000000000	   27.000000000	    3.000000000	    2.000000000	   20.000000000	    2.500000000	    0.366243272	    3.013252792	    2.391751003	    1.842212206
 9250.000000000	   55.000000000	   24.000000000	    4.000000000	    2.000000000	   20.000000000	    2.224333333	    0.280630199	    2.053053475	    1.811957091	    1.330001658
 9250.000000000	   55.000000000	   36.000000000	    6.000000000	    2.000000000	   20.000000000	    3.335000000	    0.357168358	    3.042586935	    2.529997582	    1.839180330
 9250.000000000	   55.000000000	   32.000000000	    8.000000000	    2.000000000	   20.000000000	    2.962666667	    0.320135107	    3.405259595	    2.458887896	    1.550191983
 9250.000000000	   55.000000000	   30.000000000	   10.000000000	    2.000000000	   20.000000000	    2.776666667	    0.314110382	    3.366987775	    2.491024204	    1.846232303
 9250.000000000	   55.000000000	   36.000000000	   12.000000000	    2.000000000	   20.000000000	    3.337333333	    0.396550581	    3.305207305	    2.478559324	    1.579750912
 9250.000000000	   55.000000000	   42.000000000	   14.000000000	    2.000000000	   20.000000000	    3.895333333	    0.427271322	    3.192910459	    2.493518056	    1.826157778
 9250.000000000	   55.000000000	   32.000000000	   16.000000000	    2.000000000	   20.000000000	    2.964000000	    0.407680680	    3.518829760	    2.501839945	    1.246016708
 9500.000000000	   55.000000000	   27.000000000	    3.000000000	    2.000000000	   20.000000000	    2.516000000	    0.365284805	    2.994243586	    2.416555620	    1.732120476
 9500.000000000	   55.000000000	   24.000000000	    4.000000000	    2.000000000	   20.000000000	    2.237666667	    0.285845018	    2.015356831	    1.788440682	    1.468860616
 9500.000000000	   55.000000000	   36.000000000	    6.000000000	    2.000000000	   20.000000000	    3.357666667	    0.356029308	    2.956397142	    2.474640786	    1.701583375
 9500.000000000	   55.000000000	   32.000000000	    8.000000000	    2.000000000	   20.000000000	    2.981333333	    0.321419386	    3.388030781	    2.395709487	    1.478222613
 9500.000000000	   55.000000000	   30.000000000	   10.000000000	    2.000000000	   20.000000000	    2.796333333	    0.313149159	    3.274442703	    2.443750318	    1.695184182
 9500.000000000	   55.000000000	   36.000000000	   12.000000000	    2.000000000	   20.000000000	    3.355666667	    0.389283512	    3.172032157	    2.438726869	    1.544036624
 9500.000000000	   55.000000000	   42.000000000	   14.000000000	    2.000000000	   20.000000000	    3.912666667	    0.425438987	    3.152378138	    2.447646335	    1.693562918
 9500.000000000	   55.000000000	   32.000000000	   16.000000000	    2.000000000	   20.000000000	    2.988333333	    0.405963635	    3.493763779	    2.457155720	    1.435421150
 9750.000000000	   55.000000000	   27.000000000	    3.000000000	    2.000000000	   20.000000000	    2.533666667	    0.371938472	    2.976904624	    2.524827440	    1.761882820
 9750.000000000	   55.000000000	   24.000000000	    4.000000000	    2.000000000	   20.000000000	    2.253333333	    0.289281323	    2.038074385	    1.836038810	    1.610717211
 9750.000000000	   55.000000000	   36.000000000	    6.000000000	    2.000000000	   20.000000000	    3.381666667	    0.361655476	    3.008479664	    2.541555449	    1.743970545
 9750.000000000	   55.000000000	   32.000000000	    8.000000000	    2.000000000	   20.000000000	    3.001333333	    0.325736591	    3.565568580	    2.498006287	    1.593012596
 9750.000000000	   55.000000000	   30.000000000	   10.000000000	    2.000000000	   20.000000000	    2.816333333	    0.316982878	    3.390626556	    2.540235247	    1.730850440
 9750.000000000	   55.000000000	   36.000000000	   12.000000000	    2.000000000	   20.000000000	    3.378000000	    0.371975102	    3.265661994	    2.526197536	    1.435368021
 9750.000000000	   55.000000000	   42.000000000	   14.000000000	    2.000000000	   20.000000000	    3.949000000	    0.428075829	    3.400168648	    2.542574849	    1.730240064
 9750.000000000	   55.000000000	   32.000000000	   16.000000000	    2.000000000	   20.000000000	    2.996333333	    0.417192394	    3.421604401	    2.546345801	    1.627724773
10000.000000000	   55.000000000	   27.000000000	    3.000000000	    2.000000000	   20.000000000	    2.553666667	    0.372876257	    3.198972058	    2.647740655	    1.824034251
10000.000000000	   55.000000000	   24.000000000	    4.000000000	    2.000000000	   20.000000000	    2.272000000	    0.296448409	    2.282528852	    1.983106413	    1.753393196
10000.000000000	   55.000000000	   36.000000000	    6.000000000	    2.000000000	   20.000000000	    3.409333333	    0.362889821	    3.150068623	    2.738833779	    1.855500967
10000.000000000	   55.000000000	   32.000000000	    8.000000000	    2.000000000	   20.000000000	    3.028000000	    0.332655968	    3.822161535	    2.704162377	    1.778707852
10000.000000000	   55.000000000	   30.000000000	   10.000000000	    2.000000000	   20.000000000	    2.840000000	    0.323958939	    3.621724583	    2.735645005	    1.843681493
10000.000000000	   55.000000000	   36.000000000	   12.000000000	    2.000000000	   20.000000000	    3.411333333	    0.393083909	    3.521217163	    2.719985887	    1.287735903
10000.000000000	   55.000000000	   42.000000000	   14.000000000	    2.000000000	   20.000000000	    3.978333333	    0.432879437	    3.738371145	    2.748682417	    1.845007310
10000.000000000	   55.000000000	   32.000000000	   16.000000000	    2.000000000	   20.000000000	    3.027333333	    0.414571107	    3.570418226	    2.723550937	    1.783403209
10250.000000000	   55.000000000	   27.000000000	    3.000000000	    2.000000000	   20.000000000	    2.574333333	    0.372904891	    3.553202753	    2.811772975	    2.024746364
10250.000000000	   55.000000000	   24.000000000	    4.000000000	    2.000000000	   20.000000000	    2.283333333	    0.286014032	    2.601441775	    2.172661782	    1.956781173
10250.000000000	   55.000000000	   36.000000000	    6.000000000	    2.000000000	   20.000000000	    3.426666667	    0.357576837	    3.514184701	    2.984085061	    2.131743374
10250.000000000	   55.000000000	   32.000000000	    8.000000000	    2.000000000	   20.000000000	    3.046333333	    0.329081829	    3.969214487	    2.922729215	    1.999123185
10250.000000000	   55.000000000	   30.000000000	   10.000000000	    2.000000000	   20.000000000	    2.854000000	    0.328485942	    3.820674547	    2.940281253	    2.128734194
10250.000000000	   55.000000000	   36.000000000	   12.000000000	    2.000000000	   20.000000000	    3.428333333	    0.386885301	    3.785460614	    2.930165636	    1.294556410
10250.000000000	   55.000000000	   42.000000000	   14.000000000	    2.000000000	   20.000000000	    4.000000000	    0.437635531	    4.116460198	    2.954396834	    2.107921284
10250.000000000	   55.000000000	   32.000000000	   16.000000000	    2.000000000	   20.000000000	    3.051666667	    0.426172840	    3.940291388	    2.923180726	    2.013080599
10500.000000000	   55.000000000	   27.000000000	    3.000000000	    2.000000000	   20.000000000	    2.586000000	    0.380166153	    3.848914280	    3.073395092	    2.294578764
10500.000000000	   55.000000000	   24.000000000	    4.000000000	    2.000000000	   20.000000000	    2.300000000	    0.292264866	    2.856030456	    2.351428578	    1.829660565
10500.000000000	   55.000000000	   36.000000000	    6.000000000	    2.000000000	   20.000000000	    3.443666667	    0.365550064	    3.864485442	    3.239100399	    2.489700498
10500.000000000	   55.000000000	   32.000000000	    8.000000000	    2.000000000	   20.000000000	    3.070666667	    0.329989231	    4.140181482	    3.117560511	    2.216501537
10500.000000000	   55.000000000	   30.000000000	   10.000000000	    2.000000000	   20.000000000	    2.871666667	    0.327573697	    4.084673838	    3.129161778	    2.048553035
10500.000000000	   55.000000000	   36.000000000	   12.000000000	    2.000000000	   20.000000000	    3.444666667	    0.380021015	    4.033692250	    3.118024754	    1.382843102
10500.000000000	   55.000000000	   42.000000000	   14.000000000	    2.000000000	   20.000000000	    4.022666667	    0.447359808	    4.486375917	    3.153419037	    2.007355667
10500.000000000	   55.000000000	   32.000000000	   16.000000000	    2.000000000	   20.000000000	    3.067666667	    0.417047340	    4.300168870	    3.111037755	    2.234760178
10750.000000000	   55.000000000	   27.000000000	    3.000000000	    2.000000000	   20.000000000	    2.605666667	    0.377534957	    4.053652318	    3.343867377	    2.597975998
10750.000000000	   55.000000000	   24.000000000	    4.000000000	    2.000000000	   20.000000000	    2.313333333	    0.300594451	    3.018450794	    2.501846597	    1.679157369
10750.000000000	   55.000000000	   36.000000000	    6.000000000	    2.000000000	   20.000000000	    3.472000000	    0.381845847	    4.162355576	    3.475397722	    2.858225712
10750.000000000	   55.000000000	   32.000000000	    8.000000000	    2.000000000	   20.000000000	    3.082333333	    0.325054174	    4.462137399	    3.268482186	    2.160238554
10750.000000000	   55.000000000	   30.000000000	   10.000000000	    2.000000000	   20.000000000	    2.891000000	    0.327454159	    4.447784904	    3.316818967	    2.037859733
10750.000000000	   55.000000000	   36.000000000	   12.000000000	    2.000000000	   20.000000000	    3.469333333	    0.399300913	    4.202056782	    3.269821923	    1.545047234
10750.000000000	   55.000000000	   42.000000000	   14.000000000	    2.000000000	   20.000000000	    4.052666667	    0.436749706	    4.809144844	    3.312828530	    1.853380382
10750.000000000	   55.000000000	   32.000000000	   16.000000000	    2.000000000	   20.000000000	    3.089000000	    0.421018119	    4.715008783	    3.286314183	    2.317578810
11000.000000000	   55.000000000	   27.000000000	    3.000000000	    2.000000000	   20.000000000	    2.617000000	    0.383858354	    4.153497013	    3.596511690	    2.900683057
11000.000000000	   55.000000000	   24.000000000	    4.000000000	    2.000000000	   20.000000000	    2.323000000	    0.300897519	    3.215682210	    2.625849731	    1.584956604
11000.000000000	   55.000000000	   36.000000000	    6.000000000	    2.000000000	   20.000000000	    3.488333333	    0.366664392	    4.440998901	    3.671865069	    2.775027047
11000.000000000	   55.000000000	   32.000000000	    8.000000000	    2.000000000	   20.000000000	    3.101666667	    0.324023305	    4.689661377	    3.366754142	    1.990913546
11000.000000000	   55.000000000	   30.000000000	   10.000000000	    2.000000000	   20.000000000	    2.906666667	    0.333766819	    4.877084559	    3.520073383	    2.249694782
11000.000000000	   55.000000000	   36.000000000	   12.000000000	    2.000000000	   20.000000000	    3.493000000	    0.379891484	    4.286318048	    3.459065951	    1.755386339
11000.000000000	   55.000000000	   28.000000000	   14.000000000	    2.000000000	   20.000000000	    2.714000000	    0.382848266	    4.543788132	    3.436630730	    1.988104761
11000.000000000	   55.000000000	   32.000000000	   16.000000000	    2.000000000	   20.000000000	    3.099666667	    0.416220849	    5.090598769	    3.426420612	    2.198918680
11250.000000000	   55.000000000	   27.000000000	    3.000000000	    2.000000000	   20.000000000	    2.632000000	    0.383334276	    4.151004854	    3.811603585	    3.174428923
11250.000000000	   55.000000000	   24.000000000	    4.000000000	    2.000000000	   20.000000000	    2.346000000	    0.308655402	    3.530086732	    2.759576262	    1.733249401
11250.000000000	   55.000000000	   36.000000000	    6.000000000	    2.000000000	   20.000000000	    3.514666667	    0.379965402	    4.705482987	    3.834986316	    2.829054757
11250.000000000	   55.000000000	   32.000000000	    8.000000000	    2.000000000	   20.000000000	    3.116000000	    0.318993523	    4.816160234	    3.447729936	    1.802426083
11250.000000000	   55.000000000	   30.000000000	   10.000000000	    2.000000000	   20.000000000	    2.925666667	    0.332376170	    5.275379914	    3.700534543	    2.322384673
11250.000000000	   55.000000000	   36.000000000	   12.000000000	    2.000000000	   20.000000000	    3.513333333	    0.400533511	    4.718531144	    3.651452898	    1.981643677
11250.000000000	   55.000000000	   28.000000000	   14.000000000	    2.000000000	   20.000000000	    2.730666667	    0.384775327	    4.916386790	    3.541051268	    1.840121205
11250.000000000	   55.000000000	   32.000000000	   16.000000000	    2.000000000	   20.000000000	    3.113000000	    0.418682677	    5.397414698	    3.561643259	    2.065005544
11500.000000000	   55.000000000	   27.000000000	    3.000000000	    2.000000000	   20.000000000	    2.643666667	    0.384934709	    4.471622125	    3.977328005	    3.399185498
11500.000000000	   55.000000000	   24.000000000	    4.000000000	    2.000000000	   20.000000000	    2.348000000	    0.306396422	    3.774758229	    2.853860997	    1.940178676
11500.000000000	   55.000000000	   36.000000000	    6.000000000	    2.000000000	   20.000000000	    3.527333333	    0.375135908	    4.888846134	    3.975641089	    2.988144984
11500.000000000	   55.000000000	   32.000000000	    8.000000000	    2.000000000	   20.000000000	    3.132000000	    0.332026802	    4.848254058	    3.504594443	    1.627851975
11500.000000000	   55.000000000	   30.000000000	   10.000000000	    2.000000000	   20.000000000	    2.938666667	    0.338489320	    5.612806722	    3.837808529	    2.143754836
11500.000000000	   55.000000000	   36.000000000	   12.000000000	    2.000000000	   20.000000000	    3.523000000	    0.380137335	    5.120409608	    3.802553217	    2.196897152
11500.000000000	   55.000000000	   28.000000000	   14.000000000	    2.000000000	   20.000000000	    2.739666667	    0.356866795	    5.233495420	    3.631891813	    1.699764782
11500.000000000	   55.000000000	   32.000000000	   16.000000000	    2.000000000	   20.000000000	    3.137333333	    0.415506359	    5.620118012	    3.689977474	    2.241421047
11750.000000000	   55.000000000	   27.000000000	    3.000000000	    2.000000000	   20.000000000	    2.657333333	    0.387666605	    4.797412304	    4.089240700	    3.563511968
11750.000000000	   55.000000000	   24.000000000	    4.000000000	    2.000000000	   20.000000000	    2.359666667	    0.310488258	    3.937788588	    2.905823083	    2.182792866
11750.000000000	   55.000000000	   36.000000000	    6.000000000	    2.000000000	   20.000000000	    3.547333333	    0.387468592	    4.991291675	    4.062476983	    2.811026819
11750.000000000	   55.000000000	   32.000000000	    8.000000000	    2.000000000	   20.000000000	    3.150000000	    0.321529406	    4.801021679	    3.548347373	    1.495628915
11750.000000000	   55.000000000	   30.000000000	   10.000000000	    2.000000000	   20.000000000	    2.948333333	    0.335325213	    5.869453278	    3.932067486	    1.982678473
11750.000000000	   55.000000000	   36.000000000	   12.000000000	    2.000000000	   20.000000000	    3.542666667	    0.399312054	    5.463481562	    3.920265784	    2.079198285
11750.000000000	   55.000000000	   28.000000000	   14.000000000	    2.000000000	   20.000000000	    2.753666667	    0.393597831	    5.478714268	    3.712858678	    1.593393345
11750.000000000	   55.000000000	   32.000000000	   16.000000000	    2.000000000	   20.000000000	    3.150333333	    0.428855616	    5.755296817	    3.814074296	    2.497454587
12000.000000000	   55.000000000	   27.000000000	    3.000000000	    2.000000000	   20.000000000	    2.671333333	    0.390893447	    5.068961977	    4.148885954	    3.663610513
12000.000000000	   55.000000000	   24.000000000	    4.000000000	    2.000000000	   20.000000000	    2.376333333	    0.300586865	    4.016840950	    2.916282110	    2.434754741
12000.000000000	   55.000000000	   36.000000000	    6.000000000	    2.000000000	   20.000000000	    3.563000000	    0.383202963	    5.020118260	    4.098806639	    2.591445306
12000.000000000	   55.000000000	   32.000000000	    8.000000000	    2.000000000	   20.000000000	    3.163666667	    0.325725493	    4.969295541	    3.642516611	    1.584591300
12000.000000000	   55.000000000	   30.000000000	   10.000000000	    2.000000000	   20.000000000	    2.963333333	    0.342370000	    6.035296462	    4.010619120	    1.953399532
12000.000000000	   55.000000000	   36.000000000	   12.000000000	    2.000000000	   20.000000000	    3.558666667	    0.387925878	    5.728179725	    4.024140454	    1.913638261
12000.000000000	   55.000000000	   28.000000000	   14.000000000	    2.000000000	   20.000000000	    2.768333333	    0.376718618	    5.645789033	    3.820458277	    1.536203135
12000.000000000	   55.000000000	   32.000000000	   16.000000000	    2.000000000	   20.000000000	    3.170000000	    0.420249858	    5.808417091	    3.903975047	    2.382315996
12250.000000000	   55.000000000	   27.000000000	    3.000000000	    2.000000000	   20.000000000	    2.680000000	    0.392398010	    5.275446842	    4.162107962	    3.509142797
12250.000000000	   55.000000000	   24.000000000	    4.000000000	    2.000000000	   20.000000000	    2.385333333	    0.312791117	    4.017172849	    2.889794522	    2.255618626
12250.000000000	   55.000000000	   30.000000000	    6.000000000	    2.000000000	   20.000000000	    2.974333333	    0.410228336	    5.061048223	    4.156751359	    3.217683414
12250.000000000	   55.000000000	   32.000000000	    8.000000000	    2.000000000	   20.000000000	    3.185333333	    0.345114463	    5.194101977	    3.757621503	    1.771973433
12250.000000000	   55.000000000	   30.000000000	   10.000000000	    2.000000000	   20.000000000	    2.981000000	    0.341043790	    6.109233946	    4.067187046	    2.036418369
12250.000000000	   55.000000000	   36.000000000	   12.000000000	    2.000000000	   20.000000000	    3.578000000	    0.385657099	    5.903862811	    4.083932546	    1.788532425
12250.000000000	   55.000000000	   28.000000000	   14.000000000	    2.000000000	   20.000000000	    2.778000000	    0.372930690	    5.736313950	    3.916541871	    1.597401342
12250.000000000	   55.000000000	   32.000000000	   16.000000000	    2.000000000	   20.000000000	    3.181000000	    0.435872160	    5.790851446	    3.975457869	    2.234841963
12500.000000000	   55.000000000	   27.000000000	    3.000000000	    2.000000000	   20.000000000	    2.687000000	    0.394219014	    5.412383799	    4.137422889	    3.315418935
12500.000000000	   55.000000000	   24.000000000	    4.000000000	    2.000000000	   20.000000000	    2.393666667	    0.309318265	    3.949467483	    2.875993564	    2.191860646
12500.000000000	   55.000000000	   30.000000000	    6.000000000	    2.000000000	   20.000000000	    2.992333333	    0.404137070	    5.000395400	    4.145715402	    3.060742467
12500.000000000	   55.000000000	   32.000000000	    8.000000000	    2.000000000	   20.000000000	    3.199333333	    0.330887927	    5.340102573	    3.842880929	    1.975304573
12500.000000000	   55.000000000	   30.000000000	   10.000000000	    2.000000000	   20.000000000	    2.992666667	    0.341982548	    6.097564090	    4.115469352	    2.147898131
12500.000000000	   55.000000000	   24.000000000	   12.000000000	    2.000000000	   20.000000000	    2.391333333	    0.329764681	    5.363019196	    4.052751907	    2.072322152
12500.000000000	   55.000000000	   28.000000000	   14.000000000	    2.000000000	   20.000000000	    2.790333333	    0.390830133	    5.757396813	    4.002740254	    1.809283680
12500.000000000	   55.000000000	   32.000000000	   16.000000000	    2.000000000	   20.000000000	    3.193333333	    0.447636187	    5.717360798	    4.020849775	    2.070585754
12750.000000000	   55.000000000	   27.000000000	    3.000000000	    2.000000000	   20.000000000	    2.705000000	    0.396819605	    5.480628205	    4.084649332	    3.152149836
12750.000000000	   55.000000000	   24.000000000	    4.000000000	    2.000000000	   20.000000000	    2.408666667	    0.317250309	    3.827782216	    2.936601210	    2.339812433
12750.000000000	   55.000000000	   30.000000000	    6.000000000	    2.000000000	   20.000000000	    3.000666667	    0.402140309	    4.900775189	    4.105195096	    2.851684738
12750.000000000	   55.000000000	   32.000000000	    8.000000000	    2.000000000	   20.000000000	    3.210666667	    0.341178289	    5.405676762	    3.935463768	    2.175208545
12750.000000000	   55.000000000	   30.000000000	   10.000000000	    2.000000000	   20.000000000	    3.002666667	    0.337797270	    6.012208724	    4.125832334	    2.279002834
12750.000000000	   55.000000000	   24.000000000	   12.000000000	    2.000000000	   20.000000000	    2.406000000	    0.328540112	    5.557922792	    4.096949768	    1.907616717
12750.000000000	   55.000000000	   28.000000000	   14.000000000	    2.000000000	   20.000000000	    2.809000000	    0.389877337	    5.719618597	    4.073583638	    1.896883849
12750.000000000	   55.000000000	   32.000000000	   16.000000000	    2.000000000	   20.000000000	    3.209333333	    0.437840831	    5.604135121	    4.044127418	    1.906122506
13000.000000000	   55.000000000	   27.000000000	    3.000000000	    2.000000000	   20.000000000	    2.713000000	    0.401542876	    5.485211885	    4.013867472	    3.033667014
13000.000000000	   55.000000000	   24.000000000	    4.000000000	    2.000000000	   20.000000000	    2.417333333	    0.314003429	    3.667789017	    2.969705164	    2.198747854
13000.000000000	   55.000000000	   30.000000000	    6.000000000	    2.000000000	   20.000000000	    3.022000000	    0.401538029	    4.791997477	    4.045151846	    2.651671565
13000.000000000	   55.000000000	   24.000000000	    8.000000000	    2.000000000	   20.000000000	    2.411666667	    0.319146726	    5.283375268	    3.920932262	    1.784640038
13000.000000000	   55.000000000	   30.000000000	   10.000000000	    2.000000000	   20.000000000	    3.019333333	    0.351464831	    5.868904099	    4.104215866	    2.419079310
13000.000000000	   55.000000000	   24.000000000	   12.000000000	    2.000000000	   20.000000000	    2.412666667	    0.330376610	    5.700824977	    4.109891589	    1.759324193
13000.000000000	   55.000000000	   28.000000000	   14.000000000	    2.000000000	   20.000000000	    2.820333333	    0.375017740	    5.635398356	    4.117159409	    2.115289355
13000.000000000	   55.000000000	   32.000000000	   16.000000000	    2.000000000	   20.000000000	    3.221333333	    0.440309090	    5.485141909	    4.062505084	    1.758067692
13250.000000000	   55.000000000	   27.000000000	    3.000000000	    2.000000000	   20.000000000	    2.722666667	    0.397379919	    5.434176123	    3.934701202	    2.969401497
13250.000000000	   55.000000000	   24.000000000	    4.000000000	    2.000000000	   20.000000000	    2.425666667	    0.313609126	    3.485381042	    2.978434105	    2.073757256
13250.000000000	   55.000000000	   30.000000000	    6.000000000	    2.000000000	   20.000000000	    3.029666667	    0.400072149	    4.793725368	    3.979115513	    2.498128629
13250.000000000	   55.000000000	   24.000000000	    8.000000000	    2.000000000	   20.000000000	    2.427000000	    0.312502074	    5.106179984	    3.907651464	    1.962968503
13250.000000000	   55.000000000	   30.000000000	   10.000000000	    2.000000000	   20.000000000	    3.025333333	    0.358915555	    5.685510410	    4.057789197	    2.558096327
13250.000000000	   55.000000000	   24.000000000	   12.000000000	    2.000000000	   20.000000000	    2.428666667	    0.335197324	    5.792769019	    4.097761836	    1.642619601
13250.000000000	   55.000000000	   28.000000000	   14.000000000	    2.000000000	   20.000000000	    2.821333333	    0.378299116	    5.667611057	    4.127061807	    2.318052731
13250.000000000	   55.000000000	   32.000000000	   16.000000000	    2.000000000	   20.000000000	    3.226333333	    0.437376101	    5.507004458	    4.059103623	    1.641577174
13500.000000000	   55.000000000	   27.000000000	    3.000000000	    2.000000000	   20.000000000	    2.734333333	    0.400448947	    5.337497968	    3.855877289	    2.964379056
13500.000000000	   55.000000000	   24.000000000	    4.000000000	    2.000000000	   20.000000000	    2.430666667	    0.311913737	    3.342279157	    2.966988369	    1.976326889
13500.000000000	   55.000000000	   30.000000000	    6.000000000	    2.000000000	   20.000000000	    3.042333333	    0.402813898	    4.777083028	    3.980586771	    2.789178513
13500.000000000	   55.000000000	   24.000000000	    8.000000000	    2.000000000	   20.000000000	    2.435000000	    0.319529845	    4.947967146	    3.882477672	    2.131244741
13500.000000000	   55.000000000	   30.000000000	   10.000000000	    2.000000000	   20.000000000	    3.030000000	    0.353871764	    5.480523867	    4.010175290	    2.688116793
13500.000000000	   55.000000000	   24.000000000	   12.000000000	    2.000000000	   20.000000000	    2.429333333	    0.329989231	    5.837546629	    4.067032112	    1.569175252
13500.000000000	   55.000000000	   28.000000000	   14.000000000	    2.000000000	   20.000000000	    2.837000000	    0.395430326	    5.674002716	    4.107903725	    2.494120004
13500.000000000	   55.000000000	   32.000000000	   16.000000000	    2.000000000	   20.000000000	    3.240666667	    0.442779162	    5.539397939	    4.052074401	    1.568315173
13750.000000000	   55.000000000	   27.000000000	    3.000000000	    2.000000000	   20.000000000	    2.743000000	    0.405797027	    5.206165094	    3.784995956	    3.019986462
13750.000000000	   55.000000000	   24.000000000	    4.000000000	    2.000000000	   20.000000000	    2.445000000	    0.326893924	    3.498985287	    2.939940202	    1.914536245
13750.000000000	   55.000000000	   30.000000000	    6.000000000	    2.000000000	   20.000000000	    3.046666667	    0.397746964	    4.767731990	    3.989897906	    3.037128694
13750.000000000	   55.000000000	   24.000000000	    8.000000000	    2.000000000	   20.000000000	    2.434000000	    0.327577262	    4.846348864	    3.852094794	    2.280307712
13750.000000000	   55.000000000	   30.000000000	   10.000000000	    2.000000000	   20.000000000	    3.046666667	    0.350476740	    5.271828036	    3.979148407	    2.803719287
13750.000000000	   55.000000000	   24.000000000	   12.000000000	    2.000000000	   20.000000000	    2.445333333	    0.319726276	    5.840879210	    4.024001149	    1.547931354
13750.000000000	   55.000000000	   28.000000000	   14.000000000	    2.000000000	   20.000000000	    2.841666667	    0.387689413	    5.641879698	    4.065334137	    2.636944225
13750.000000000	   55.000000000	   32.000000000	   16.000000000	    2.000000000	   20.000000000	    3.257333333	    0.432010249	    5.657209932	    4.026318459	    1.547223135
14000.000000000	   55.000000000	   27.000000000	    3.000000000	    2.000000000	   20.000000000	    2.752000000	    0.405509822	    5.051422693	    3.728444935	    2.999100889
14000.000000000	   55.000000000	   24.000000000	    4.000000000	    2.000000000	   20.000000000	    2.449333333	    0.329287425	    3.590298500	    2.901975790	    1.893591801
14000.000000000	   55.000000000	   30.000000000	    6.000000000	    2.000000000	   20.000000000	    3.061000000	    0.399018789	    4.879418779	    4.000591045	    3.006665484
14000.000000000	   55.000000000	   24.000000000	    8.000000000	    2.000000000	   20.000000000	    2.447333333	    0.332002013	    4.768522095	    3.817871813	    2.404374834
14000.000000000	   55.000000000	   30.000000000	   10.000000000	    2.000000000	   20.000000000	    3.057333333	    0.353008898	    5.075697387	    3.941564592	    2.901775419
14000.000000000	   55.000000000	   24.000000000	   12.000000000	    2.000000000	   20.000000000	    2.449333333	    0.323838067	    5.809667239	    3.983764732	    1.696558794
14000.000000000	   55.000000000	   28.000000000	   14.000000000	    2.000000000	   20.000000000	    2.849666667	    0.369207233	    5.579477822	    4.021505020	    2.743448146
14000.000000000	   55.000000000	   32.000000000	   16.000000000	    2.000000000	   20.000000000	    3.259000000	    0.420695702	    5.739170873	    3.992477962	    1.695977911
14250.000000000	   55.000000000	   27.000000000	    3.000000000	    2.000000000	   20.000000000	    2.766666667	    0.406541987	    4.884193954	    3.691401661	    2.884592631
14250.000000000	   55.000000000	   24.000000000	    4.000000000	    2.000000000	   20.000000000	    2.455333333	    0.320584357	    3.616195660	    2.884680905	    2.024315128
14250.000000000	   55.000000000	   30.000000000	    6.000000000	    2.000000000	   20.000000000	    3.068333333	    0.395865491	    4.941399321	    4.000957220	    2.849861947
14250.000000000	   55.000000000	   24.000000000	    8.000000000	    2.000000000	   20.000000000	    2.455333333	    0.326088093	    4.715874377	    3.810546071	    2.565270788
14250.000000000	   55.000000000	   30.000000000	   10.000000000	    2.000000000	   20.000000000	    3.064000000	    0.349640488	    4.974050016	    3.896521481	    2.867850568
14250.000000000	   55.000000000	   24.000000000	   12.000000000	    2.000000000	   20.000000000	    2.452666667	    0.330120654	    5.751353690	    3.939051552	    1.869118200
14250.000000000	   55.000000000	   28.000000000	   14.000000000	    2.000000000	   20.000000000	    2.861333333	    0.358096526	    5.495158065	    3.969801976	    2.804055293
14250.000000000	   55.000000000	   32.000000000	   16.000000000	    2.000000000	   20.000000000	    3.267666667	    0.427113416	    5.787339246	    3.953777578	    1.868645197
14500.000000000	   55.000000000	   27.000000000	    3.000000000	    2.000000000	   20.000000000	    2.778333333	    0.406921405	    4.899717008	    3.739572342	    2.791999391
14500.000000000	   55.000000000	   24.000000000	    4.000000000	    2.000000000	   20.000000000	    2.465333333	    0.326963495	    3.579427757	    2.858119586	    2.170574639
14500.000000000	   55.000000000	   30.000000000	    6.000000000	    2.000000000	   20.000000000	    3.076333333	    0.394681441	    4.955614177	    3.993813899	    2.729345216
14500.000000000	   55.000000000	   24.000000000	    8.000000000	    2.000000000	   20.000000000	    2.460000000	    0.315259064	    4.946053501	    3.811280662	    2.633920088
14500.000000000	   55.000000000	   30.000000000	   10.000000000	    2.000000000	   20.000000000	    3.078333333	    0.362239325	    5.192617671	    3.861731373	    2.740501459
14500.000000000	   55.000000000	   24.000000000	   12.000000000	    2.000000000	   20.000000000	    2.461000000	    0.325450844	    5.673424230	    3.913780959	    2.056549965
14500.000000000	   55.000000000	   28.000000000	   14.000000000	    2.000000000	   20.000000000	    2.877666667	    0.377063300	    5.454280461	    3.929639824	    2.714853619
14500.000000000	   55.000000000	   32.000000000	   16.000000000	    2.000000000	   20.000000000	    3.288333333	    0.423003203	    5.804940235	    3.912678459	    2.056165494
14750.000000000	   55.000000000	   27.000000000	    3.000000000	    2.000000000	   20.000000000	    2.782666667	    0.406390942	    4.934655921	    3.818406642	    2.726671893
14750.000000000	   55.000000000	   24.000000000	    4.000000000	    2.000000000	   20.000000000	    2.469000000	    0.330038942	    3.484852936	    2.879846551	    2.326291315
14750.000000000	   55.000000000	   30.000000000	    6.000000000	    2.000000000	   20.000000000	    3.084333333	    0.396148598	    4.925178495	    3.981887713	    2.651332676
14750.000000000	   55.000000000	   24.000000000	    8.000000000	    2.000000000	   20.000000000	    2.471333333	    0.317194211	    5.242813687	    3.809858483	    2.591680684
14750.000000000	   55.000000000	   30.000000000	   10.000000000	    2.000000000	   20.000000000	    3.090000000	    0.360288198	    5.362530121	    3.853731632	    2.656221658
14750.000000000	   55.000000000	   24.000000000	   12.000000000	    2.000000000	   20.000000000	    2.471333333	    0.326524385	    5.583046644	    3.910868640	    2.250624520
14750.000000000	   55.000000000	   28.000000000	   14.000000000	    2.000000000	   20.000000000	    2.871666667	    0.398916199	    5.483709310	    3.913480920	    2.649919843
14750.000000000	   55.000000000	   32.000000000	   16.000000000	    2.000000000	   20.000000000	    3.294333333	    0.416449526	    5.796024268	    3.915795472	    2.250302998
15000.000000000	   55.000000000	   27.000000000	    3.000000000	    2.000000000	   20.000000000	    2.785000000	    0.403380085	    4.945565358	    3.912744122	    2.692702891
15000.000000000	   55.000000000	   24.000000000	    4.000000000	    2.000000000	   20.000000000	    2.472000000	    0.324189569	    3.338802624	    2.903750922	    2.485948102
15000.000000000	   55.000000000	   30.000000000	    6.000000000	    2.000000000	   20.000000000	    3.094666667	    0.395917325	    4.854006072	    3.967798972	    2.620150005
15000.000000000	   55.000000000	   24.000000000	    8.000000000	    2.000000000	   20.000000000	    2.474333333	    0.326092698	    5.508267288	    3.836515773	    2.524313770
15000.000000000	   55.000000000	   30.000000000	   10.000000000	    2.000000000	   20.000000000	    3.090000000	    0.355940107	    5.481795496	    3.901286332	    2.619534720
15000.000000000	   55.000000000	   24.000000000	   12.000000000	    2.000000000	   20.000000000	    2.475333333	    0.328886589	    5.486836279	    3.958461476	    2.444623234
15000.000000000	   55.000000000	   28.000000000	   14.000000000	    2.000000000	   20.000000000	    2.887666667	    0.383370107	    5.488464614	    3.969399929	    2.627257534
15000.000000000	   55.000000000	   32.000000000	   16.000000000	    2.000000000	   20.000000000	    3.299666667	    0.414775354	    5.765143636	    3.964804408	    2.444327132
15250.000000000	   55.000000000	   27.000000000	    3.000000000	    2.000000000	   20.000000000	    2.793333333	    0.407580271	    4.934789478	    4.022252512	    2.693042623
15250.000000000	   55.000000000	   24.000000000	    4.000000000	    2.000000000	   20.000000000	    2.486666667	    0.327510028	    3.242451695	    2.923755851	    2.645006919
15250.000000000	   55.000000000	   30.000000000	    6.000000000	    2.000000000	   20.000000000	    3.107333333	    0.392952599	    4.746501983	    3.985301554	    2.638455578
15250.000000000	   55.000000000	   24.000000000	    8.000000000	    2.000000000	   20.000000000	    2.491000000	    0.341617284	    5.738087516	    3.932230338	    2.433953456
15250.000000000	   55.000000000	   30.000000000	   10.000000000	    2.000000000	   20.000000000	    3.106333333	    0.357831647	    5.550001792	    4.016724590	    2.633237961
15250.000000000	   55.000000000	   24.000000000	   12.000000000	    2.000000000	   20.000000000	    2.485666667	    0.324053510	    5.552136492	    4.052033327	    2.633424412
15250.000000000	   55.000000000	   28.000000000	   14.000000000	    2.000000000	   20.000000000	    2.898333333	    0.361655476	    5.471878375	    4.064430478	    2.648963848
15250.000000000	   55.000000000	   32.000000000	   16.000000000	    2.000000000	   20.000000000	    3.316666667	    0.421254357	    5.717060191	    4.061854226	    2.633100056
15500.000000000	   55.000000000	   27.000000000	    3.000000000	    2.000000000	   20.000000000	    2.799000000	    0.411084191	    4.905042092	    4.146407455	    2.729632220
15500.000000000	   55.000000000	   24.000000000	    4.000000000	    2.000000000	   20.000000000	    2.491333333	    0.347436711	    3.349248399	    3.047851078	    2.737642967
15500.000000000	   55.000000000	   30.000000000	    6.000000000	    2.000000000	   20.000000000	    3.112333333	    0.393675815	    4.909392286	    4.075053329	    2.707481451
15500.000000000	   55.000000000	   24.000000000	    8.000000000	    2.000000000	   20.000000000	    2.488666667	    0.353076316	    5.929483350	    4.103194579	    2.323241129
15500.000000000	   55.000000000	   30.000000000	   10.000000000	    2.000000000	   20.000000000	    3.111666667	    0.355576670	    5.567998991	    4.200392778	    2.698645968
15500.000000000	   55.000000000	   24.000000000	   12.000000000	    2.000000000	   20.000000000	    2.492000000	    0.329714085	    5.962024353	    4.220175455	    2.716096934
15500.000000000	   55.000000000	   28.000000000	   14.000000000	    2.000000000	   20.000000000	    2.914000000	    0.357862262	    5.808903566	    4.233913286	    2.715911159
15500.000000000	   55.000000000	   32.000000000	   16.000000000	    2.000000000	   20.000000000	    3.320000000	    0.441229614	    5.656495432	    4.231385801	    2.715824105
15750.000000000	   55.000000000	   27.000000000	    3.000000000	    2.000000000	   20.000000000	    2.801333333	    0.410460487	    5.190833041	    4.284545873	    2.803541893
15750.000000000	   55.000000000	   24.000000000	    4.000000000	    2.000000000	   20.000000000	    2.491333333	    0.330371223	    3.734433413	    3.223601595	    2.864201345
15750.000000000	   55.000000000	   30.000000000	    6.000000000	    2.000000000	   20.000000000	    3.113333333	    0.387549531	    5.076995073	    4.263553100	    2.827272990
15750.000000000	   55.000000000	   24.000000000	    8.000000000	    2.000000000	   20.000000000	    2.494666667	    0.336445928	    6.080958145	    4.292579506	    2.195340922
15750.000000000	   55.000000000	   30.000000000	   10.000000000	    2.000000000	   20.000000000	    3.125666667	    0.356840614	    5.638506230	    4.395842309	    2.815835570
15750.000000000	   55.000000000	   24.000000000	   12.000000000	    2.000000000	   20.000000000	    2.488333333	    0.331958292	    6.365749828	    4.417545698	    2.828230155
15750.000000000	   55.000000000	   28.000000000	   14.000000000	    2.000000000	   20.000000000	    2.907333333	    0.363303348	    6.255512793	    4.419210027	    2.827960612
15750.000000000	   55.000000000	   32.000000000	   16.000000000	    2.000000000	   20.000000000	    3.327666667	    0.429776864	    6.063617425	    4.411031326	    2.827849228
16000.000000000	   55.000000000	   27.000000000	    3.000000000	    2.000000000	   20.000000000	    2.814666667	    0.406660157	    5.592128126	    4.435907398	    2.915105046
16000.000000000	   55.000000000	   24.000000000	    4.000000000	    2.000000000	   20.000000000	    2.510333333	    0.330323246	    4.127561883	    3.406120646	    3.037699054
16000.000000000	   55.000000000	   30.000000000	    6.000000000	    2.000000000	   20.000000000	    3.123333333	    0.389653189	    5.229857573	    4.479052298	    2.996915277
16000.000000000	   55.000000000	   24.000000000	    8.000000000	    2.000000000	   20.000000000	    2.506333333	    0.327380785	    6.192077402	    4.491847465	    2.053988255
16000.000000000	   55.000000000	   30.000000000	   10.000000000	    2.000000000	   20.000000000	    3.129666667	    0.354151224	    6.111617567	    4.631829577	    2.983879443
16000.000000000	   55.000000000	   24.000000000	   12.000000000	    2.000000000	   20.000000000	    2.505333333	    0.328754673	    6.757678402	    4.623778319	    2.984560931
16000.000000000	   55.000000000	   28.000000000	   14.000000000	    2.000000000	   20.000000000	    2.923666667	    0.383243595	    6.703598891	    4.612780861	    2.984158314
16000.000000000	   55.000000000	   32.000000000	   16.000000000	    2.000000000	   20.000000000	    3.331666667	    0.434699855	    6.534248990	    4.614009281	    2.983989925
16250.000000000	   55.000000000	   27.000000000	    3.000000000	    2.000000000	   20.000000000	    2.827333333	    0.411933544	    6.003205883	    4.599665193	    3.064042886
16250.000000000	   55.000000000	   24.000000000	    4.000000000	    2.000000000	   20.000000000	    2.510000000	    0.320073259	    4.521570550	    3.592913250	    3.219903460
16250.000000000	   55.000000000	   30.000000000	    6.000000000	    2.000000000	   20.000000000	    3.142000000	    0.386992947	    5.577389743	    4.719049784	    3.214739134
16250.000000000	   55.000000000	   24.000000000	    8.000000000	    2.000000000	   20.000000000	    2.508333333	    0.321161659	    6.380634677	    4.699149047	    1.903565517
16250.000000000	   55.000000000	   30.000000000	   10.000000000	    2.000000000	   20.000000000	    3.137333333	    0.357367754	    6.600309957	    4.876176345	    3.201060264
16250.000000000	   55.000000000	   24.000000000	   12.000000000	    2.000000000	   20.000000000	    2.510000000	    0.320420561	    7.132974893	    4.838658231	    3.183494993
16250.000000000	   55.000000000	   28.000000000	   14.000000000	    2.000000000	   20.000000000	    2.930333333	    0.389398922	    7.147544777	    4.817313344	    3.182910070
16250.000000000	   55.000000000	   32.000000000	   16.000000000	    2.000000000	   20.000000000	    3.346333333	    0.422306377	    7.010551677	    4.833507439	    3.182651269
16500.000000000	   55.000000000	   24.000000000	    3.000000000	    2.000000000	   20.000000000	    2.515000000	    0.348818652	    6.403048895	    4.833484085	    3.331093232
16500.000000000	   55.000000000	   24.000000000	    4.000000000	    2.000000000	   20.000000000	    2.516333333	    0.326353176	    4.910228187	    3.797853489	    3.357220588
16500.000000000	   55.000000000	   30.000000000	    6.000000000	    2.000000000	   20.000000000	    3.144666667	    0.382238866	    5.964946431	    4.980944545	    3.478503061
16500.000000000	   55.000000000	   24.000000000	    8.000000000	    2.000000000	   20.000000000	    2.514666667	    0.326091504	    6.770773934	    4.924234020	    1.749181713
16500.000000000	   55.000000000	   30.000000000	   10.000000000	    2.000000000	   20.000000000	    3.142666667	    0.361784772	    7.098030757	    5.124520549	    3.465060918
16500.000000000	   55.000000000	   24.000000000	   12.000000000	    2.000000000	   20.000000000	    2.515666667	    0.333465273	    7.549332522	    5.070068204	    3.422949039
16500.000000000	   55.000000000	   28.000000000	   14.000000000	    2.000000000	   20.000000000	    2.931333333	    0.381644814	    7.582415125	    5.039060432	    3.422133382
16500.000000000	   55.000000000	   32.000000000	   16.000000000	    2.000000000	   20.000000000	    3.355333333	    0.426520975	    7.487143577	    5.068547082	    3.421750442
16750.000000000	   55.000000000	   24.000000000	    3.000000000	    2.000000000	   20.000000000	    2.522000000	    0.343625556	    6.830441379	    5.028486744	    3.562666747
16750.000000000	   55.000000000	   24.000000000	    4.000000000	    2.000000000	   20.000000000	    2.518333333	    0.324194887	    5.288169993	    4.023477131	    3.320915714
16750.000000000	   55.000000000	   30.000000000	    6.000000000	    2.000000000	   20.000000000	    3.142333333	    0.383839810	    6.372093046	    5.262125801	    3.785549933
16750.000000000	   55.000000000	   24.000000000	    8.000000000	    2.000000000	   20.000000000	    2.519000000	    0.325867510	    7.186408735	    5.183642542	    1.596699346
16750.000000000	   55.000000000	   30.000000000	   10.000000000	    2.000000000	   20.000000000	    3.152666667	    0.363229867	    7.598842950	    5.374381131	    3.529355413
16750.000000000	   55.000000000	   24.000000000	   12.000000000	    2.000000000	   20.000000000	    2.512000000	    0.329592624	    8.004480945	    5.307415918	    3.700480666
16750.000000000	   55.000000000	   28.000000000	   14.000000000	    2.000000000	   20.000000000	    2.935333333	    0.373514780	    8.003934758	    5.286926766	    3.699387146
16750.000000000	   55.000000000	   32.000000000	   16.000000000	    2.000000000	   20.000000000	    3.353000000	    0.435791518	    7.959236656	    5.310145457	    3.698846332
17000.000000000	   55.000000000	   24.000000000	    3.000000000	    2.000000000	   20.000000000	    2.523000000	    0.345496955	    7.258905220	    5.232404126	    3.826447298
17000.000000000	   55.000000000	   24.000000000	    4.000000000	    2.000000000	   20.000000000	    2.519666667	    0.338550924	    5.650890248	    4.252320125	    3.265083704
17000.000000000	   55.000000000	   30.000000000	    6.000000000	    2.000000000	   20.000000000	    3.157000000	    0.380710369	    6.795269835	    5.560044265	    4.132939018
17000.000000000	   55.000000000	   24.000000000	    8.000000000	    2.000000000	   20.000000000	    2.524333333	    0.344438148	    7.663366389	    5.452617742	    1.452602525
17000.000000000	   55.000000000	   30.000000000	   10.000000000	    2.000000000	   20.000000000	    3.159333333	    0.364342743	    8.097481581	    5.623662573	    3.410902130
17000.000000000	   55.000000000	   24.000000000	   12.000000000	    2.000000000	   20.000000000	    2.520666667	    0.335521016	    8.452123238	    5.549387047	    4.013397483
17000.000000000	   55.000000000	   28.000000000	   14.000000000	    2.000000000	   20.000000000	    2.949333333	    0.355282678	    8.408456329	    5.542443858	    4.011980582
17000.000000000	   55.000000000	   32.000000000	   16.000000000	    2.000000000	   20.000000000	    3.360666667	    0.435760508	    8.422621777	    5.556197953	    4.011248355
17250.000000000	   55.000000000	   24.000000000	    3.000000000	    2.000000000	   20.000000000	    2.533000000	    0.346294396	    7.684958760	    5.444248993	    4.120606973
17250.000000000	   55.000000000	   24.000000000	    4.000000000	    2.000000000	   20.000000000	    2.532000000	    0.344133348	    5.994704783	    4.482341578	    3.190088742
17250.000000000	   55.000000000	   30.000000000	    6.000000000	    2.000000000	   20.000000000	    3.159666667	    0.370704404	    7.231235578	    5.872262707	    4.517554974
17250.000000000	   55.000000000	   24.000000000	    8.000000000	    2.000000000	   20.000000000	    2.532000000	    0.342838129	    8.187071033	    5.746288418	    1.457355537
17250.000000000	   55.000000000	   30.000000000	   10.000000000	    2.000000000	   20.000000000	    3.167333333	    0.361043114	    8.589368331	    5.870644590	    3.279395756
17250.000000000	   55.000000000	   24.000000000	   12.000000000	    2.000000000	   20.000000000	    2.528000000	    0.333990677	    8.888574600	    5.794813798	    3.943985530
17250.000000000	   55.000000000	   28.000000000	   14.000000000	    2.000000000	   20.000000000	    2.953000000	    0.358744303	    8.792921097	    5.802666609	    4.228578955
17250.000000000	   55.000000000	   32.000000000	   16.000000000	    2.000000000	   20.000000000	    3.381666667	    0.440419083	    8.873643892	    5.804706369	    4.073054077
17500.000000000	   55.000000000	   24.000000000	    3.000000000	    2.000000000	   20.000000000	    2.533666667	    0.344297330	    8.105557768	    5.663072577	    4.440477459
17500.000000000	   55.000000000	   24.000000000	    4.000000000	    2.000000000	   20.000000000	    2.537333333	    0.346496198	    6.316693116	    4.711730279	    3.096423986
17500.000000000	   55.000000000	   30.000000000	    6.000000000	    2.000000000	   20.000000000	    3.167666667	    0.372863133	    7.677055085	    6.196485513	    4.936196119
17500.000000000	   55.000000000	   24.000000000	    8.000000000	    2.000000000	   20.000000000	    2.532000000	    0.347350267	    8.722270690	    6.052044996	    1.528276198
17500.000000000	   55.000000000	   30.000000000	   10.000000000	    2.000000000	   20.000000000	    3.172000000	    0.357288071	    9.070595527	    6.132340170	    3.138699430
17500.000000000	   55.000000000	   24.000000000	   12.000000000	    2.000000000	   20.000000000	    2.539000000	    0.341135092	    9.310753914	    6.042628574	    3.828340994
17500.000000000	   55.000000000	   28.000000000	   14.000000000	    2.000000000	   20.000000000	    2.961000000	    0.361245605	    9.154815560	    6.065789726	    4.312731809
17500.000000000	   55.000000000	   32.000000000	   16.000000000	    2.000000000	   20.000000000	    3.385666667	    0.426091407	    9.309170863	    6.053825232	    3.996865260
17750.000000000	   55.000000000	   24.000000000	    3.000000000	    2.000000000	   20.000000000	    2.543333333	    0.340284545	    8.518075062	    5.887964594	    4.353695971
17750.000000000	   55.000000000	   24.000000000	    4.000000000	    2.000000000	   20.000000000	    2.543000000	    0.347762283	    6.614628218	    4.938903754	    2.984715909
17750.000000000	   55.000000000	   30.000000000	    6.000000000	    2.000000000	   20.000000000	    3.171000000	    0.372540837	    8.130083983	    6.530569611	    5.385644542
17750.000000000	   55.000000000	   24.000000000	    8.000000000	    2.000000000	   20.000000000	    2.539000000	    0.345347552	    9.264521682	    6.364324970	    1.637640421
17750.000000000	   55.000000000	   30.000000000	   10.000000000	    2.000000000	   20.000000000	    3.177000000	    0.358111279	    9.537889519	    6.404350394	    2.992998452
17750.000000000	   55.000000000	   24.000000000	   12.000000000	    2.000000000	   20.000000000	    2.541666667	    0.336880526	    9.716134559	    6.291822743	    3.706710643
17750.000000000	   55.000000000	   28.000000000	   14.000000000	    2.000000000	   20.000000000	    2.966000000	    0.371009858	    9.492126035	    6.330226253	    4.383038397
17750.000000000	   55.000000000	   32.000000000	   16.000000000	    2.000000000	   20.000000000	    3.396000000	    0.430287026	    9.726558399	    6.301902659	    3.910449725
18000.000000000	   55.000000000	   24.000000000	    3.000000000	    2.000000000	   20.000000000	    2.542333333	    0.347524253	    8.920274555	    6.143684285	    4.345450958
18000.000000000	   55.000000000	   24.000000000	    4.000000000	    2.000000000	   20.000000000	    2.542333333	    0.340410522	    6.886900180	    5.162504379	    2.855733797
18000.000000000	   55.000000000	   30.000000000	    6.000000000	    2.000000000	   20.000000000	    3.180000000	    0.373222253	    8.587952145	    6.872521933	    5.603039737
18000.000000000	   55.000000000	   24.000000000	    8.000000000	    2.000000000	   20.000000000	    2.547333333	    0.341057650	    9.809845455	    6.681231289	    1.785483779
18000.000000000	   55.000000000	   30.000000000	   10.000000000	    2.000000000	   20.000000000	    3.178333333	    0.359310596	    9.988561417	    6.675051477	    2.846662599
18000.000000000	   55.000000000	   24.000000000	   12.000000000	    2.000000000	   20.000000000	    2.538666667	    0.335253727	   10.102690427	    6.541416756	    3.582554679
18000.000000000	   55.000000000	   28.000000000	   14.000000000	    2.000000000	   20.000000000	    2.962333333	    0.383195998	    9.803292675	    6.594600172	    4.439285694
18000.000000000	   55.000000000	   32.000000000	   16.000000000	    2.000000000	   20.000000000	    3.391333333	    0.435817678	   10.123612927	    6.547510855	    3.816523880