90.000000000	0.000000000	
-90.000000000	0.000000000	
83.793103571	0.000000000	
83.793103571	72.000000000	
83.793103571	144.000000000	
83.793103571	216.000000000	
83.793103571	288.000000000	
-83.793103571	0.000000000	
-83.793103571	72.000000000	
-83.793103571	144.000000000	
-83.793103571	216.000000000	
-83.793103571	288.000000000	
77.586207137	0.000000000	
77.586207137	32.727272727	
77.586207137	65.454545455	
77.586207137	98.181818182	
77.586207137	130.909090909	
77.586207137	163.636363636	
77.586207137	196.363636364	
77.586207137	229.090909091	
77.586207137	261.818181818	
77.586207137	294.545454545	
77.586207137	327.272727273	
-77.586207137	0.000000000	
-77.586207137	32.727272727	
-77.586207137	65.454545455	
-77.586207137	98.181818182	
-77.586207137	130.909090909	
-77.586207137	163.636363636	
-77.586207137	196.363636364	
-77.586207137	229.090909091	
-77.586207137	261.818181818	
-77.586207137	294.545454545	
-77.586207137	327.272727273	
71.379310692	0.000000000	
71.379310692	21.176470588	
71.379310692	42.352941176	
71.379310692	63.529411765	
71.379310692	84.705882353	
71.379310692	105.882352941	
71.379310692	127.058823529	
71.379310692	148.235294118	
71.379310692	169.411764706	
71.379310692	190.588235294	
71.379310692	211.764705882	
71.379310692	232.941176471	
71.379310692	254.117647059	
71.379310692	275.294117647	
71.379310692	296.470588235	
71.379310692	317.647058824	
71.379310692	338.823529412	
-71.379310692	0.000000000	
-71.379310692	21.176470588	
-71.379310692	42.352941176	
-71.379310692	63.529411765	
-71.379310692	84.705882353	
-71.379310692	105.882352941	
-71.379310692	127.058823529	
-71.379310692	148.235294118	
-71.379310692	169.411764706	
-71.379310692	190.588235294	
-71.379310692	211.764705882	
-71.379310692	232.941176471	
-71.379310692	254.117647059	
-71.379310692	275.294117647	
-71.379310692	296.470588235	
-71.379310692	317.647058824	
-71.379310692	338.823529412	
65.172414230	0.000000000	
65.172414230	16.363636364	
65.172414230	32.727272727	
65.172414230	49.090909091	
65.172414230	65.454545455	
65.172414230	81.818181818	
65.172414230	98.181818182	
65.172414230	114.545454545	
65.172414230	130.909090909	
65.172414230	147.272727273	
65.172414230	163.636363636	
65.172414230	180.000000000	
65.172414230	196.363636364	
65.172414230	212.727272727	
65.172414230	229.090909091	
65.172414230	245.454545455	
65.172414230	261.818181818	
65.172414230	278.181818182	
65.172414230	294.545454545	
65.172414230	310.909090909	
65.172414230	327.272727273	
65.172414230	343.636363636	
-65.172414230	0.000000000	
-65.172414230	16.363636364	
-65.172414230	32.727272727	
-65.172414230	49.090909091	
-65.172414230	65.454545455	
-65.172414230	81.818181818	
-65.172414230	98.181818182	
-65.172414230	114.545454545	
-65.172414230	130.909090909	
-65.172414230	147.272727273	
-65.172414230	163.636363636	
-65.172414230	180.000000000	
-65.172414230	196.363636364	
-65.172414230	212.727272727	
-65.172414230	229.090909091	
-65.172414230	245.454545455	
-65.172414230	261.818181818	
-65.172414230	278.181818182	
-65.172414230	294.545454545	
-65.172414230	310.909090909	
-65.172414230	327.272727273	
-65.172414230	343.636363636	
58.965517748	0.000000000	
58.965517748	12.857142857	
58.965517748	25.714285714	
58.965517748	38.571428571	
58.965517748	51.428571429	
58.965517748	64.285714286	
58.965517748	77.142857143	
58.965517748	90.000000000	
58.965517748	102.857142857	
58.965517748	115.714285714	
58.965517748	128.571428571	
58.965517748	141.428571429	
58.965517748	154.285714286	
58.965517748	167.142857143	
58.965517748	180.000000000	
58.965517748	192.857142857	
58.965517748	205.714285714	
58.965517748	218.571428571	
58.965517748	231.428571429	
58.965517748	244.285714286	
58.965517748	257.142857143	
58.965517748	270.000000000	
58.965517748	282.857142857	
58.965517748	295.714285714	
58.965517748	308.571428571	
58.965517748	321.428571429	
58.965517748	334.285714286	
58.965517748	347.142857143	
-58.965517748	0.000000000	
-58.965517748	12.857142857	
-58.965517748	25.714285714	
-58.965517748	38.571428571	
-58.965517748	51.428571429	
-58.965517748	64.285714286	
-58.965517748	77.142857143	
-58.965517748	90.000000000	
-58.965517748	102.857142857	
-58.965517748	115.714285714	
-58.965517748	128.571428571	
-58.965517748	141.428571429	
-58.965517748	154.285714286	
-58.965517748	167.142857143	
-58.965517748	180.000000000	
-58.965517748	192.857142857	
-58.965517748	205.714285714	
-58.965517748	218.571428571	
-58.965517748	231.428571429	
-58.965517748	244.285714286	
-58.965517748	257.142857143	
-58.965517748	270.000000000	
-58.965517748	282.857142857	
-58.965517748	295.714285714	
-58.965517748	308.571428571	
-58.965517748	321.428571429	
-58.965517748	334.285714286	
-58.965517748	347.142857143	
52.758621242	0.000000000	
52.758621242	11.250000000	
52.758621242	22.500000000	
52.758621242	33.750000000	
52.758621242	45.000000000	
52.758621242	56.250000000	
52.758621242	67.500000000	
52.758621242	78.750000000	
52.758621242	90.000000000	
52.758621242	101.250000000	
52.758621242	112.500000000	
52.758621242	123.750000000	
52.758621242	135.000000000	
52.758621242	146.250000000	
52.758621242	157.500000000	
52.758621242	168.750000000	
52.758621242	180.000000000	
52.758621242	191.250000000	
52.758621242	202.500000000	
52.758621242	213.750000000	
52.758621242	225.000000000	
52.758621242	236.250000000	
52.758621242	247.500000000	
52.758621242	258.750000000	
52.758621242	270.000000000	
52.758621242	281.250000000	
52.758621242	292.500000000	
52.758621242	303.750000000	
52.758621242	315.000000000	
52.758621242	326.250000000	
52.758621242	337.500000000	
52.758621242	348.750000000	
-52.758621242	0.000000000	
-52.758621242	11.250000000	
-52.758621242	22.500000000	
-52.758621242	33.750000000	
-52.758621242	45.000000000	
-52.758621242	56.250000000	
-52.758621242	67.500000000	
-52.758621242	78.750000000	
-52.758621242	90.000000000	
-52.758621242	101.250000000	
-52.758621242	112.500000000	
-52.758621242	123.750000000	
-52.758621242	135.000000000	
-52.758621242	146.250000000	
-52.758621242	157.500000000	
-52.758621242	168.750000000	
-52.758621242	180.000000000	
-52.758621242	191.250000000	
-52.758621242	202.500000000	
-52.758621242	213.750000000	
-52.758621242	225.000000000	
-52.758621242	236.250000000	
-52.758621242	247.500000000	
-52.758621242	258.750000000	
-52.758621242	270.000000000	
-52.758621242	281.250000000	
-52.758621242	292.500000000	
-52.758621242	303.750000000	
-52.758621242	315.000000000	
-52.758621242	326.250000000	
-52.758621242	337.500000000	
-52.758621242	348.750000000	
46.551724710	0.000000000	
46.551724710	9.729729730	
46.551724710	19.459459459	
46.551724710	29.189189189	
46.551724710	38.918918919	
46.551724710	48.648648649	
46.551724710	58.378378378	
46.551724710	68.108108108	
46.551724710	77.837837838	
46.551724710	87.567567568	
46.551724710	97.297297297	
46.551724710	107.027027027	
46.551724710	116.756756757	
46.551724710	126.486486486	
46.551724710	136.216216216	
46.551724710	145.945945946	
46.551724710	155.675675676	
46.551724710	165.405405405	
46.551724710	175.135135135	
46.551724710	184.864864865	
46.551724710	194.594594595	
46.551724710	204.324324324	
46.551724710	214.054054054	
46.551724710	223.783783784	
46.551724710	233.513513514	
46.551724710	243.243243243	
46.551724710	252.972972973	
46.551724710	262.702702703	
46.551724710	272.432432432	
46.551724710	282.162162162	
46.551724710	291.891891892	
46.551724710	301.621621622	
46.551724710	311.351351351	
46.551724710	321.081081081	
46.551724710	330.810810811	
46.551724710	340.540540541	
46.551724710	350.270270270	
-46.551724710	0.000000000	
-46.551724710	9.729729730	
-46.551724710	19.459459459	
-46.551724710	29.189189189	
-46.551724710	38.918918919	
-46.551724710	48.648648649	
-46.551724710	58.378378378	
-46.551724710	68.108108108	
-46.551724710	77.837837838	
-46.551724710	87.567567568	
-46.551724710	97.297297297	
-46.551724710	107.027027027	
-46.551724710	116.756756757	
-46.551724710	126.486486486	
-46.551724710	136.216216216	
-46.551724710	145.945945946	
-46.551724710	155.675675676	
-46.551724710	165.405405405	
-46.551724710	175.135135135	
-46.551724710	184.864864865	
-46.551724710	194.594594595	
-46.551724710	204.324324324	
-46.551724710	214.054054054	
-46.551724710	223.783783784	
-46.551724710	233.513513514	
-46.551724710	243.243243243	
-46.551724710	252.972972973	
-46.551724710	262.702702703	
-46.551724710	272.432432432	
-46.551724710	282.162162162	
-46.551724710	291.891891892	
-46.551724710	301.621621622	
-46.551724710	311.351351351	
-46.551724710	321.081081081	
-46.551724710	330.810810811	
-46.551724710	340.540540541	
-46.551724710	350.270270270	
40.344828152	0.000000000	
40.344828152	8.780487805	
40.344828152	17.560975610	
40.344828152	26.341463415	
40.344828152	35.121951220	
40.344828152	43.902439024	
40.344828152	52.682926829	
40.344828152	61.463414634	
40.344828152	70.243902439	
40.344828152	79.024390244	
40.344828152	87.804878049	
40.344828152	96.585365854	
40.344828152	105.365853659	
40.344828152	114.146341463	
40.344828152	122.926829268	
40.344828152	131.707317073	
40.344828152	140.487804878	
40.344828152	149.268292683	
40.344828152	158.048780488	
40.344828152	166.829268293	
40.344828152	175.609756098	
40.344828152	184.390243902	
40.344828152	193.170731707	
40.344828152	201.951219512	
40.344828152	210.731707317	
40.344828152	219.512195122	
40.344828152	228.292682927	
40.344828152	237.073170732	
40.344828152	245.853658537	
40.344828152	254.634146341	
40.344828152	263.414634146	
40.344828152	272.195121951	
40.344828152	280.975609756	
40.344828152	289.756097561	
40.344828152	298.536585366	
40.344828152	307.317073171	
40.344828152	316.097560976	
40.344828152	324.878048780	
40.344828152	333.658536585	
40.344828152	342.439024390	
40.344828152	351.219512195	
-40.344828152	0.000000000	
-40.344828152	8.780487805	
-40.344828152	17.560975610	
-40.344828152	26.341463415	
-40.344828152	35.121951220	
-40.344828152	43.902439024	
-40.344828152	52.682926829	
-40.344828152	61.463414634	
-40.344828152	70.243902439	
-40.344828152	79.024390244	
-40.344828152	87.804878049	
-40.344828152	96.585365854	
-40.344828152	105.365853659	
-40.344828152	114.146341463	
-40.344828152	122.926829268	
-40.344828152	131.707317073	
-40.344828152	140.487804878	
-40.344828152	149.268292683	
-40.344828152	158.048780488	
-40.344828152	166.829268293	
-40.344828152	175.609756098	
-40.344828152	184.390243902	
-40.344828152	193.170731707	
-40.344828152	201.951219512	
-40.344828152	210.731707317	
-40.344828152	219.512195122	
-40.344828152	228.292682927	
-40.344828152	237.073170732	
-40.344828152	245.853658537	
-40.344828152	254.634146341	
-40.344828152	263.414634146	
-40.344828152	272.195121951	
-40.344828152	280.975609756	
-40.344828152	289.756097561	
-40.344828152	298.536585366	
-40.344828152	307.317073171	
-40.344828152	316.097560976	
-40.344828152	324.878048780	
-40.344828152	333.658536585	
-40.344828152	342.439024390	
-40.344828152	351.219512195	
34.137931567	0.000000000	
34.137931567	8.000000000	
34.137931567	16.000000000	
34.137931567	24.000000000	
34.137931567	32.000000000	
34.137931567	40.000000000	
34.137931567	48.000000000	
34.137931567	56.000000000	
34.137931567	64.000000000	
34.137931567	72.000000000	
34.137931567	80.000000000	
34.137931567	88.000000000	
34.137931567	96.000000000	
34.137931567	104.000000000	
34.137931567	112.000000000	
34.137931567	120.000000000	
34.137931567	128.000000000	
34.137931567	136.000000000	
34.137931567	144.000000000	
34.137931567	152.000000000	
34.137931567	160.000000000	
34.137931567	168.000000000	
34.137931567	176.000000000	
34.137931567	184.000000000	
34.137931567	192.000000000	
34.137931567	200.000000000	
34.137931567	208.000000000	
34.137931567	216.000000000	
34.137931567	224.000000000	
34.137931567	232.000000000	
34.137931567	240.000000000	
34.137931567	248.000000000	
34.137931567	256.000000000	
34.137931567	264.000000000	
34.137931567	272.000000000	
34.137931567	280.000000000	
34.137931567	288.000000000	
34.137931567	296.000000000	
34.137931567	304.000000000	
34.137931567	312.000000000	
34.137931567	320.000000000	
34.137931567	328.000000000	
34.137931567	336.000000000	
34.137931567	344.000000000	
34.137931567	352.000000000	
-34.137931567	0.000000000	
-34.137931567	8.000000000	
-34.137931567	16.000000000	
-34.137931567	24.000000000	
-34.137931567	32.000000000	
-34.137931567	40.000000000	
-34.137931567	48.000000000	
-34.137931567	56.000000000	
-34.137931567	64.000000000	
-34.137931567	72.000000000	
-34.137931567	80.000000000	
-34.137931567	88.000000000	
-34.137931567	96.000000000	
-34.137931567	104.000000000	
-34.137931567	112.000000000	
-34.137931567	120.000000000	
-34.137931567	128.000000000	
-34.137931567	136.000000000	
-34.137931567	144.000000000	
-34.137931567	152.000000000	
-34.137931567	160.000000000	
-34.137931567	168.000000000	
-34.137931567	176.000000000	
-34.137931567	184.000000000	
-34.137931567	192.000000000	
-34.137931567	200.000000000	
-34.137931567	208.000000000	
-34.137931567	216.000000000	
-34.137931567	224.000000000	
-34.137931567	232.000000000	
-34.137931567	240.000000000	
-34.137931567	248.000000000	
-34.137931567	256.000000000	
-34.137931567	264.000000000	
-34.137931567	272.000000000	
-34.137931567	280.000000000	
-34.137931567	288.000000000	
-34.137931567	296.000000000	
-34.137931567	304.000000000	
-34.137931567	312.000000000	
-34.137931567	320.000000000	
-34.137931567	328.000000000	
-34.137931567	336.000000000	
-34.137931567	344.000000000	
-34.137931567	352.000000000	
27.931034957	0.000000000	
27.931034957	7.500000000	
27.931034957	15.000000000	
27.931034957	22.500000000	
27.931034957	30.000000000	
27.931034957	37.500000000	
27.931034957	45.000000000	
27.931034957	52.500000000	
27.931034957	60.000000000	
27.931034957	67.500000000	
27.931034957	75.000000000	
27.931034957	82.500000000	
27.931034957	90.000000000	
27.931034957	97.500000000	
27.931034957	105.000000000	
27.931034957	112.500000000	
27.931034957	120.000000000	
27.931034957	127.500000000	
27.931034957	135.000000000	
27.931034957	142.500000000	
27.931034957	150.000000000	
27.931034957	157.500000000	
27.931034957	165.000000000	
27.931034957	172.500000000	
27.931034957	180.000000000	
27.931034957	187.500000000	
27.931034957	195.000000000	
27.931034957	202.500000000	
27.931034957	210.000000000	
27.931034957	217.500000000	
27.931034957	225.000000000	
27.931034957	232.500000000	
27.931034957	240.000000000	
27.931034957	247.500000000	
27.931034957	255.000000000	
27.931034957	262.500000000	
27.931034957	270.000000000	
27.931034957	277.500000000	
27.931034957	285.000000000	
27.931034957	292.500000000	
27.931034957	300.000000000	
27.931034957	307.500000000	
27.931034957	315.000000000	
27.931034957	322.500000000	
27.931034957	330.000000000	
27.931034957	337.500000000	
27.931034957	345.000000000	
27.931034957	352.500000000	
-27.931034957	0.000000000	
-27.931034957	7.500000000	
-27.931034957	15.000000000	
-27.931034957	22.500000000	
-27.931034957	30.000000000	
-27.931034957	37.500000000	
-27.931034957	45.000000000	
-27.931034957	52.500000000	
-27.931034957	60.000000000	
-27.931034957	67.500000000	
-27.931034957	75.000000000	
-27.931034957	82.500000000	
-27.931034957	90.000000000	
-27.931034957	97.500000000	
-27.931034957	105.000000000	
-27.931034957	112.500000000	
-27.931034957	120.000000000	
-27.931034957	127.500000000	
-27.931034957	135.000000000	
-27.931034957	142.500000000	
-27.931034957	150.000000000	
-27.931034957	157.500000000	
-27.931034957	165.000000000	
-27.931034957	172.500000000	
-27.931034957	180.000000000	
-27.931034957	187.500000000	
-27.931034957	195.000000000	
-27.931034957	202.500000000	
-27.931034957	210.000000000	
-27.931034957	217.500000000	
-27.931034957	225.000000000	
-27.931034957	232.500000000	
-27.931034957	240.000000000	
-27.931034957	247.500000000	
-27.931034957	255.000000000	
-27.931034957	262.500000000	
-27.931034957	270.000000000	
-27.931034957	277.500000000	
-27.931034957	285.000000000	
-27.931034957	292.500000000	
-27.931034957	300.000000000	
-27.931034957	307.500000000	
-27.931034957	315.000000000	
-27.931034957	322.500000000	
-27.931034957	330.000000000	
-27.931034957	337.500000000	
-27.931034957	345.000000000	
-27.931034957	352.500000000	
21.724138325	0.000000000	
21.724138325	7.058823529	
21.724138325	14.117647059	
21.724138325	21.176470588	
21.724138325	28.235294118	
21.724138325	35.294117647	
21.724138325	42.352941176	
21.724138325	49.411764706	
21.724138325	56.470588235	
21.724138325	63.529411765	
21.724138325	70.588235294	
21.724138325	77.647058824	
21.724138325	84.705882353	
21.724138325	91.764705882	
21.724138325	98.823529412	
21.724138325	105.882352941	
21.724138325	112.941176471	
21.724138325	120.000000000	
21.724138325	127.058823529	
21.724138325	134.117647059	
21.724138325	141.176470588	
21.724138325	148.235294118	
21.724138325	155.294117647	
21.724138325	162.352941176	
21.724138325	169.411764706	
21.724138325	176.470588235	
21.724138325	183.529411765	
21.724138325	190.588235294	
21.724138325	197.647058824	
21.724138325	204.705882353	
21.724138325	211.764705882	
21.724138325	218.823529412	
21.724138325	225.882352941	
21.724138325	232.941176471	
21.724138325	240.000000000	
21.724138325	247.058823529	
21.724138325	254.117647059	
21.724138325	261.176470588	
21.724138325	268.235294118	
21.724138325	275.294117647	
21.724138325	282.352941176	
21.724138325	289.411764706	
21.724138325	296.470588235	
21.724138325	303.529411765	
21.724138325	310.588235294	
21.724138325	317.647058824	
21.724138325	324.705882353	
21.724138325	331.764705882	
21.724138325	338.823529412	
21.724138325	345.882352941	
21.724138325	352.941176471	
-21.724138325	0.000000000	
-21.724138325	7.058823529	
-21.724138325	14.117647059	
-21.724138325	21.176470588	
-21.724138325	28.235294118	
-21.724138325	35.294117647	
-21.724138325	42.352941176	
-21.724138325	49.411764706	
-21.724138325	56.470588235	
-21.724138325	63.529411765	
-21.724138325	70.588235294	
-21.724138325	77.647058824	
-21.724138325	84.705882353	
-21.724138325	91.764705882	
-21.724138325	98.823529412	
-21.724138325	105.882352941	
-21.724138325	112.941176471	
-21.724138325	120.000000000	
-21.724138325	127.058823529	
-21.724138325	134.117647059	
-21.724138325	141.176470588	
-21.724138325	148.235294118	
-21.724138325	155.294117647	
-21.724138325	162.352941176	
-21.724138325	169.411764706	
-21.724138325	176.470588235	
-21.724138325	183.529411765	
-21.724138325	190.588235294	
-21.724138325	197.647058824	
-21.724138325	204.705882353	
-21.724138325	211.764705882	
-21.724138325	218.823529412	
-21.724138325	225.882352941	
-21.724138325	232.941176471	
-21.724138325	240.000000000	
-21.724138325	247.058823529	
-21.724138325	254.117647059	
-21.724138325	261.176470588	
-21.724138325	268.235294118	
-21.724138325	275.294117647	
-21.724138325	282.352941176	
-21.724138325	289.411764706	
-21.724138325	296.470588235	
-21.724138325	303.529411765	
-21.724138325	310.588235294	
-21.724138325	317.647058824	
-21.724138325	324.705882353	
-21.724138325	331.764705882	
-21.724138325	338.823529412	
-21.724138325	345.882352941	
-21.724138325	352.941176471	
15.517241675	0.000000000	
15.517241675	6.923076923	
15.517241675	13.846153846	
15.517241675	20.769230769	
15.517241675	27.692307692	
15.517241675	34.615384615	
15.517241675	41.538461538	
15.517241675	48.461538462	
15.517241675	55.384615385	
15.517241675	62.307692308	
15.517241675	69.230769231	
15.517241675	76.153846154	
15.517241675	83.076923077	
15.517241675	90.000000000	
15.517241675	96.923076923	
15.517241675	103.846153846	
15.517241675	110.769230769	
15.517241675	117.692307692	
15.517241675	124.615384615	
15.517241675	131.538461538	
15.517241675	138.461538462	
15.517241675	145.384615385	
15.517241675	152.307692308	
15.517241675	159.230769231	
15.517241675	166.153846154	
15.517241675	173.076923077	
15.517241675	180.000000000	
15.517241675	186.923076923	
15.517241675	193.846153846	
15.517241675	200.769230769	
15.517241675	207.692307692	
15.517241675	214.615384615	
15.517241675	221.538461538	
15.517241675	228.461538462	
15.517241675	235.384615385	
15.517241675	242.307692308	
15.517241675	249.230769231	
15.517241675	256.153846154	
15.517241675	263.076923077	
15.517241675	270.000000000	
15.517241675	276.923076923	
15.517241675	283.846153846	
15.517241675	290.769230769	
15.517241675	297.692307692	
15.517241675	304.615384615	
15.517241675	311.538461538	
15.517241675	318.461538462	
15.517241675	325.384615385	
15.517241675	332.307692308	
15.517241675	339.230769231	
15.517241675	346.153846154	
15.517241675	353.076923077	
-15.517241675	0.000000000	
-15.517241675	6.792452830	
-15.517241675	13.584905660	
-15.517241675	20.377358491	
-15.517241675	27.169811321	
-15.517241675	33.962264151	
-15.517241675	40.754716981	
-15.517241675	47.547169811	
-15.517241675	54.339622642	
-15.517241675	61.132075472	
-15.517241675	67.924528302	
-15.517241675	74.716981132	
-15.517241675	81.509433962	
-15.517241675	88.301886792	
-15.517241675	95.094339623	
-15.517241675	101.886792453	
-15.517241675	108.679245283	
-15.517241675	115.471698113	
-15.517241675	122.264150943	
-15.517241675	129.056603774	
-15.517241675	135.849056604	
-15.517241675	142.641509434	
-15.517241675	149.433962264	
-15.517241675	156.226415094	
-15.517241675	163.018867925	
-15.517241675	169.811320755	
-15.517241675	176.603773585	
-15.517241675	183.396226415	
-15.517241675	190.188679245	
-15.517241675	196.981132075	
-15.517241675	203.773584906	
-15.517241675	210.566037736	
-15.517241675	217.358490566	
-15.517241675	224.150943396	
-15.517241675	230.943396226	
-15.517241675	237.735849057	
-15.517241675	244.528301887	
-15.517241675	251.320754717	
-15.517241675	258.113207547	
-15.517241675	264.905660377	
-15.517241675	271.698113208	
-15.517241675	278.490566038	
-15.517241675	285.283018868	
-15.517241675	292.075471698	
-15.517241675	298.867924528	
-15.517241675	305.660377358	
-15.517241675	312.452830189	
-15.517241675	319.245283019	
-15.517241675	326.037735849	
-15.517241675	332.830188679	
-15.517241675	339.622641509	
-15.517241675	346.415094340	
-15.517241675	353.207547170	
9.310345011	0.000000000	
9.310345011	6.666666667	
9.310345011	13.333333333	
9.310345011	20.000000000	
9.310345011	26.666666667	
9.310345011	33.333333333	
9.310345011	40.000000000	
9.310345011	46.666666667	
9.310345011	53.333333333	
9.310345011	60.000000000	
9.310345011	66.666666667	
9.310345011	73.333333333	
9.310345011	80.000000000	
9.310345011	86.666666667	
9.310345011	93.333333333	
9.310345011	100.000000000	
9.310345011	106.666666667	
9.310345011	113.333333333	
9.310345011	120.000000000	
9.310345011	126.666666667	
9.310345011	133.333333333	
9.310345011	140.000000000	
9.310345011	146.666666667	
9.310345011	153.333333333	
9.310345011	160.000000000	
9.310345011	166.666666667	
9.310345011	173.333333333	
9.310345011	180.000000000	
9.310345011	186.666666667	
9.310345011	193.333333333	
9.310345011	200.000000000	
9.310345011	206.666666667	
9.310345011	213.333333333	
9.310345011	220.000000000	
9.310345011	226.666666667	
9.310345011	233.333333333	
9.310345011	240.000000000	
9.310345011	246.666666667	
9.310345011	253.333333333	
9.310345011	260.000000000	
9.310345011	266.666666667	
9.310345011	273.333333333	
9.310345011	280.000000000	
9.310345011	286.666666667	
9.310345011	293.333333333	
9.310345011	300.000000000	
9.310345011	306.666666667	
9.310345011	313.333333333	
9.310345011	320.000000000	
9.310345011	326.666666667	
9.310345011	333.333333333	
9.310345011	340.000000000	
9.310345011	346.666666667	
9.310345011	353.333333333	
-9.310345011	0.000000000	
-9.310345011	6.666666667	
-9.310345011	13.333333333	
-9.310345011	20.000000000	
-9.310345011	26.666666667	
-9.310345011	33.333333333	
-9.310345011	40.000000000	
-9.310345011	46.666666667	
-9.310345011	53.333333333	
-9.310345011	60.000000000	
-9.310345011	66.666666667	
-9.310345011	73.333333333	
-9.310345011	80.000000000	
-9.310345011	86.666666667	
-9.310345011	93.333333333	
-9.310345011	100.000000000	
-9.310345011	106.666666667	
-9.310345011	113.333333333	
-9.310345011	120.000000000	
-9.310345011	126.666666667	
-9.310345011	133.333333333	
-9.310345011	140.000000000	
-9.310345011	146.666666667	
-9.310345011	153.333333333	
-9.310345011	160.000000000	
-9.310345011	166.666666667	
-9.310345011	173.333333333	
-9.310345011	180.000000000	
-9.310345011	186.666666667	
-9.310345011	193.333333333	
-9.310345011	200.000000000	
-9.310345011	206.666666667	
-9.310345011	213.333333333	
-9.310345011	220.000000000	
-9.310345011	226.666666667	
-9.310345011	233.333333333	
-9.310345011	240.000000000	
-9.310345011	246.666666667	
-9.310345011	253.333333333	
-9.310345011	260.000000000	
-9.310345011	266.666666667	
-9.310345011	273.333333333	
-9.310345011	280.000000000	
-9.310345011	286.666666667	
-9.310345011	293.333333333	
-9.310345011	300.000000000	
-9.310345011	306.666666667	
-9.310345011	313.333333333	
-9.310345011	320.000000000	
-9.310345011	326.666666667	
-9.310345011	333.333333333	
-9.310345011	340.000000000	
-9.310345011	346.666666667	
-9.310345011	353.333333333	
3.103448338	0.000000000	
3.103448338	6.545454545	
3.103448338	13.090909091	
3.103448338	19.636363636	
3.103448338	26.181818182	
3.103448338	32.727272727	
3.103448338	39.272727273	
3.103448338	45.818181818	
3.103448338	52.363636364	
3.103448338	58.909090909	
3.103448338	65.454545455	
3.103448338	72.000000000	
3.103448338	78.545454545	
3.103448338	85.090909091	
3.103448338	91.636363636	
3.103448338	98.181818182	
3.103448338	104.727272727	
3.103448338	111.272727273	
3.103448338	117.818181818	
3.103448338	124.363636364	
3.103448338	130.909090909	
3.103448338	137.454545455	
3.103448338	144.000000000	
3.103448338	150.545454545	
3.103448338	157.090909091	
3.103448338	163.636363636	
3.103448338	170.181818182	
3.103448338	176.727272727	
3.103448338	183.272727273	
3.103448338	189.818181818	
3.103448338	196.363636364	
3.103448338	202.909090909	
3.103448338	209.454545455	
3.103448338	216.000000000	
3.103448338	222.545454545	
3.103448338	229.090909091	
3.103448338	235.636363636	
3.103448338	242.181818182	
3.103448338	248.727272727	
3.103448338	255.272727273	
3.103448338	261.818181818	
3.103448338	268.363636364	
3.103448338	274.909090909	
3.103448338	281.454545455	
3.103448338	288.000000000	
3.103448338	294.545454545	
3.103448338	301.090909091	
3.103448338	307.636363636	
3.103448338	314.181818182	
3.103448338	320.727272727	
3.103448338	327.272727273	
3.103448338	333.818181818	
3.103448338	340.363636364	
3.103448338	346.909090909	
3.103448338	353.454545455	
-3.103448338	0.000000000	
-3.103448338	6.428571429	
-3.103448338	12.857142857	
-3.103448338	19.285714286	
-3.103448338	25.714285714	
-3.103448338	32.142857143	
-3.103448338	38.571428571	
-3.103448338	45.000000000	
-3.103448338	51.428571429	
-3.103448338	57.857142857	
-3.103448338	64.285714286	
-3.103448338	70.714285714	
-3.103448338	77.142857143	
-3.103448338	83.571428571	
-3.103448338	90.000000000	
-3.103448338	96.428571429	
-3.103448338	102.857142857	
-3.103448338	109.285714286	
-3.103448338	115.714285714	
-3.103448338	122.142857143	
-3.103448338	128.571428571	
-3.103448338	135.000000000	
-3.103448338	141.428571429	
-3.103448338	147.857142857	
-3.103448338	154.285714286	
-3.103448338	160.714285714	
-3.103448338	167.142857143	
-3.103448338	173.571428571	
-3.103448338	180.000000000	
-3.103448338	186.428571429	
-3.103448338	192.857142857	
-3.103448338	199.285714286	
-3.103448338	205.714285714	
-3.103448338	212.142857143	
-3.103448338	218.571428571	
-3.103448338	225.000000000	
-3.103448338	231.428571429	
-3.103448338	237.857142857	
-3.103448338	244.285714286	
-3.103448338	250.714285714	
-3.103448338	257.142857143	
-3.103448338	263.571428571	
-3.103448338	270.000000000	
-3.103448338	276.428571429	
-3.103448338	282.857142857	
-3.103448338	289.285714286	
-3.103448338	295.714285714	
-3.103448338	302.142857143	
-3.103448338	308.571428571	
-3.103448338	315.000000000	
-3.103448338	321.428571429	
-3.103448338	327.857142857	
-3.103448338	334.285714286	
-3.103448338	340.714285714	
-3.103448338	347.142857143	
-3.103448338	353.571428571	
