0.000000000	
0.003472222	
0.006944444	
0.010416667	
0.013888889	
0.017361111	
0.020833333	
0.024305556	
0.027777778	
0.031250000	
0.034722222	
0.038194444	
0.041666667	
0.045138889	
0.048611111	
0.052083333	
0.055555556	
0.059027778	
0.062500000	
0.065972222	
0.069444444	
0.072916667	
0.076388889	
0.079861111	
0.083333333	
0.086805556	
0.090277778	
0.093750000	
0.097222222	
0.100694444	
0.104166667	
0.107638889	
0.111111111	
0.114583333	
0.118055556	
0.121527778	
0.125000000	
0.128472222	
0.131944444	
0.135416667	
0.138888889	
0.142361111	
0.145833333	
0.149305556	
0.152777778	
0.156250000	
0.159722222	
0.163194444	
0.166666667	
0.170138889	
0.173611111	
0.177083333	
0.180555556	
0.184027778	
0.187500000	
0.190972222	
0.194444444	
0.197916667	
0.201388889	
0.204861111	
0.208333333	
0.211805556	
0.215277778	
0.218750000	
0.222222222	
0.225694444	
0.229166667	
0.232638889	
0.236111111	
0.239583333	
0.243055556	
0.246527778	
0.250000000	
0.253472222	
0.256944444	
0.260416667	
0.263888889	
0.267361111	
0.270833333	
0.274305556	
0.277777778	
0.281250000	
0.284722222	
0.288194444	
0.291666667	
0.295138889	
0.298611111	
0.302083333	
0.305555556	
0.309027778	
0.312500000	
0.315972222	
0.319444444	
0.322916667	
0.326388889	
0.329861111	
0.333333333	
0.336805556	
0.340277778	
0.343750000	
0.347222222	
0.350694444	
0.354166667	
0.357638889	
0.361111111	
0.364583333	
0.368055556	
0.371527778	
0.375000000	
0.378472222	
0.381944444	
0.385416667	
0.388888889	
0.392361111	
0.395833333	
0.399305556	
0.402777778	
0.406250000	
0.409722222	
0.413194444	
0.416666667	
0.420138889	
0.423611111	
0.427083333	
0.430555556	
0.434027778	
0.437500000	
0.440972222	
0.444444444	
0.447916667	
0.451388889	
0.454861111	
0.458333333	
0.461805556	
0.465277778	
0.468750000	
0.472222222	
0.475694444	
0.479166667	
0.482638889	
0.486111111	
0.489583333	
0.493055556	
0.496527778	
0.500000000	
0.503472222	
0.506944444	
0.510416667	
0.513888889	
0.517361111	
0.520833333	
0.524305556	
0.527777778	
0.531250000	
0.534722222	
0.538194444	
0.541666667	
0.545138889	
0.548611111	
0.552083333	
0.555555556	
0.559027778	
0.562500000	
0.565972222	
0.569444444	
0.572916667	
0.576388889	
0.579861111	
0.583333333	
0.586805556	
0.590277778	
0.593750000	
0.597222222	
0.600694444	
0.604166667	
0.607638889	
0.611111111	
0.614583333	
0.618055556	
0.621527778	
0.625000000	
0.628472222	
0.631944444	
0.635416667	
0.638888889	
0.642361111	
0.645833333	
0.649305556	
0.652777778	
0.656250000	
0.659722222	
0.663194444	
0.666666667	
0.670138889	
0.673611111	
0.677083333	
0.680555556	
0.684027778	
0.687500000	
0.690972222	
0.694444444	
0.697916667	
0.701388889	
0.704861111	
0.708333333	
0.711805556	
0.715277778	
0.718750000	
0.722222222	
0.725694444	
0.729166667	
0.732638889	
0.736111111	
0.739583333	
0.743055556	
0.746527778	
0.750000000	
0.753472222	
0.756944444	
0.760416667	
0.763888889	
0.767361111	
0.770833333	
0.774305556	
0.777777778	
0.781250000	
0.784722222	
0.788194444	
0.791666667	
0.795138889	
0.798611111	
0.802083333	
0.805555556	
0.809027778	
0.812500000	
0.815972222	
0.819444444	
0.822916667	
0.826388889	
0.829861111	
0.833333333	
0.836805556	
0.840277778	
0.843750000	
0.847222222	
0.850694444	
0.854166667	
0.857638889	
0.861111111	
0.864583333	
0.868055556	
0.871527778	
0.875000000	
0.878472222	
0.881944444	
0.885416667	
0.888888889	
0.892361111	
0.895833333	
0.899305556	
0.902777778	
0.906250000	
0.909722222	
0.913194444	
0.916666667	
0.920138889	
0.923611111	
0.927083333	
0.930555556	
0.934027778	
0.937500000	
0.940972222	
0.944444444	
0.947916667	
0.951388889	
0.954861111	
0.958333333	
0.961805556	
0.965277778	
0.968750000	
0.972222222	
0.975694444	
0.979166667	
0.982638889	
0.986111111	
0.989583333	
0.993055556	
0.996527778	
1.000000000	
1.003472222	
1.006944444	
1.010416667	
1.013888889	
1.017361111	
1.020833333	
1.024305556	
1.027777778	
1.031250000	
1.034722222	
1.038194444	
1.041666667	
1.045138889	
1.048611111	
1.052083333	
1.055555556	
1.059027778	
1.062500000	
1.065972222	
1.069444444	
1.072916667	
1.076388889	
1.079861111	
1.083333333	
1.086805556	
1.090277778	
1.093750000	
1.097222222	
1.100694444	
1.104166667	
1.107638889	
1.111111111	
1.114583333	
1.118055556	
1.121527778	
1.125000000	
1.128472222	
1.131944444	
1.135416667	
1.138888889	
1.142361111	
1.145833333	
1.149305556	
1.152777778	
1.156250000	
1.159722222	
1.163194444	
1.166666667	
1.170138889	
1.173611111	
1.177083333	
1.180555556	
1.184027778	
1.187500000	
1.190972222	
1.194444444	
1.197916667	
1.201388889	
1.204861111	
1.208333333	
1.211805556	
1.215277778	
1.218750000	
1.222222222	
1.225694444	
1.229166667	
1.232638889	
1.236111111	
1.239583333	
1.243055556	
1.246527778	
1.250000000	
1.253472222	
1.256944444	
1.260416667	
1.263888889	
1.267361111	
1.270833333	
1.274305556	
1.277777778	
1.281250000	
1.284722222	
1.288194444	
1.291666667	
1.295138889	
1.298611111	
1.302083333	
1.305555556	
1.309027778	
1.312500000	
1.315972222	
1.319444444	
1.322916667	
1.326388889	
1.329861111	
1.333333333	
1.336805556	
1.340277778	
1.343750000	
1.347222222	
1.350694444	
1.354166667	
1.357638889	
1.361111111	
1.364583333	
1.368055556	
1.371527778	
1.375000000	
1.378472222	
1.381944444	
1.385416667	
1.388888889	
1.392361111	
1.395833333	
1.399305556	
1.402777778	
1.406250000	
1.409722222	
1.413194444	
1.416666667	
1.420138889	
1.423611111	
1.427083333	
1.430555556	
1.434027778	
1.437500000	
1.440972222	
1.444444444	
1.447916667	
1.451388889	
1.454861111	
1.458333333	
1.461805556	
1.465277778	
1.468750000	
1.472222222	
1.475694444	
1.479166667	
1.482638889	
1.486111111	
1.489583333	
1.493055556	
1.496527778	
1.500000000	
1.503472222	
1.506944444	
1.510416667	
1.513888889	
1.517361111	
1.520833333	
1.524305556	
1.527777778	
1.531250000	
1.534722222	
1.538194444	
1.541666667	
1.545138889	
1.548611111	
1.552083333	
1.555555556	
1.559027778	
1.562500000	
1.565972222	
1.569444444	
1.572916667	
1.576388889	
1.579861111	
1.583333333	
1.586805556	
1.590277778	
1.593750000	
1.597222222	
1.600694444	
1.604166667	
1.607638889	
1.611111111	
1.614583333	
1.618055556	
1.621527778	
1.625000000	
1.628472222	
1.631944444	
1.635416667	
1.638888889	
1.642361111	
1.645833333	
1.649305556	
1.652777778	
1.656250000	
1.659722222	
1.663194444	
1.666666667	
1.670138889	
1.673611111	
1.677083333	
1.680555556	
1.684027778	
1.687500000	
1.690972222	
1.694444444	
1.697916667	
1.701388889	
1.704861111	
1.708333333	
1.711805556	
1.715277778	
1.718750000	
1.722222222	
1.725694444	
1.729166667	
1.732638889	
1.736111111	
1.739583333	
1.743055556	
1.746527778	
1.750000000	
1.753472222	
1.756944444	
1.760416667	
1.763888889	
1.767361111	
1.770833333	
1.774305556	
1.777777778	
1.781250000	
1.784722222	
1.788194444	
1.791666667	
1.795138889	
1.798611111	
1.802083333	
1.805555556	
1.809027778	
1.812500000	
1.815972222	
1.819444444	
1.822916667	
1.826388889	
1.829861111	
1.833333333	
1.836805556	
1.840277778	
1.843750000	
1.847222222	
1.850694444	
1.854166667	
1.857638889	
1.861111111	
1.864583333	
1.868055556	
1.871527778	
1.875000000	
1.878472222	
1.881944444	
1.885416667	
1.888888889	
1.892361111	
1.895833333	
1.899305556	
1.902777778	
1.906250000	
1.909722222	
1.913194444	
1.916666667	
1.920138889	
1.923611111	
1.927083333	
1.930555556	
1.934027778	
1.937500000	
1.940972222	
1.944444444	
1.947916667	
1.951388889	
1.954861111	
1.958333333	
1.961805556	
1.965277778	
1.968750000	
1.972222222	
1.975694444	
1.979166667	
1.982638889	
1.986111111	
1.989583333	
1.993055556	
1.996527778	
2.000000000	
2.003472222	
2.006944444	
2.010416667	
2.013888889	
2.017361111	
2.020833333	
2.024305556	
2.027777778	
2.031250000	
2.034722222	
2.038194444	
2.041666667	
2.045138889	
2.048611111	
2.052083333	
2.055555556	
2.059027778	
2.062500000	
2.065972222	
2.069444444	
2.072916667	
2.076388889	
2.079861111	
2.083333333	
2.086805556	
2.090277778	
2.093750000	
2.097222222	
2.100694444	
2.104166667	
2.107638889	
2.111111111	
2.114583333	
2.118055556	
2.121527778	
2.125000000	
2.128472222	
2.131944444	
2.135416667	
2.138888889	
2.142361111	
2.145833333	
2.149305556	
2.152777778	
2.156250000	
2.159722222	
2.163194444	
2.166666667	
2.170138889	
2.173611111	
2.177083333	
2.180555556	
2.184027778	
2.187500000	
2.190972222	
2.194444444	
2.197916667	
2.201388889	
2.204861111	
2.208333333	
2.211805556	
2.215277778	
2.218750000	
2.222222222	
2.225694444	
2.229166667	
2.232638889	
2.236111111	
2.239583333	
2.243055556	
2.246527778	
2.250000000	
2.253472222	
2.256944444	
2.260416667	
2.263888889	
2.267361111	
2.270833333	
2.274305556	
2.277777778	
2.281250000	
2.284722222	
2.288194444	
2.291666667	
2.295138889	
2.298611111	
2.302083333	
2.305555556	
2.309027778	
2.312500000	
2.315972222	
2.319444444	
2.322916667	
2.326388889	
2.329861111	
2.333333333	
2.336805556	
2.340277778	
2.343750000	
2.347222222	
2.350694444	
2.354166667	
2.357638889	
2.361111111	
2.364583333	
2.368055556	
2.371527778	
2.375000000	
2.378472222	
2.381944444	
2.385416667	
2.388888889	
2.392361111	
2.395833333	
2.399305556	
2.402777778	
2.406250000	
2.409722222	
2.413194444	
2.416666667	
2.420138889	
2.423611111	
2.427083333	
2.430555556	
2.434027778	
2.437500000	
2.440972222	
2.444444444	
2.447916667	
2.451388889	
2.454861111	
2.458333333	
2.461805556	
2.465277778	
2.468750000	
2.472222222	
2.475694444	
2.479166667	
2.482638889	
2.486111111	
2.489583333	
2.493055556	
2.496527778	
2.500000000	
2.503472222	
2.506944444	
2.510416667	
2.513888889	
2.517361111	
2.520833333	
2.524305556	
2.527777778	
2.531250000	
2.534722222	
2.538194444	
2.541666667	
2.545138889	
2.548611111	
2.552083333	
2.555555556	
2.559027778	
2.562500000	
2.565972222	
2.569444444	
2.572916667	
2.576388889	
2.579861111	
2.583333333	
2.586805556	
2.590277778	
2.593750000	
2.597222222	
2.600694444	
2.604166667	
2.607638889	
2.611111111	
2.614583333	
2.618055556	
2.621527778	
2.625000000	
2.628472222	
2.631944444	
2.635416667	
2.638888889	
2.642361111	
2.645833333	
2.649305556	
2.652777778	
2.656250000	
2.659722222	
2.663194444	
2.666666667	
2.670138889	
2.673611111	
2.677083333	
2.680555556	
2.684027778	
2.687500000	
2.690972222	
2.694444444	
2.697916667	
2.701388889	
2.704861111	
2.708333333	
2.711805556	
2.715277778	
2.718750000	
2.722222222	
2.725694444	
2.729166667	
2.732638889	
2.736111111	
2.739583333	
2.743055556	
2.746527778	
2.750000000	
2.753472222	
2.756944444	
2.760416667	
2.763888889	
2.767361111	
2.770833333	
2.774305556	
2.777777778	
2.781250000	
2.784722222	
2.788194444	
2.791666667	
2.795138889	
2.798611111	
2.802083333	
2.805555556	
2.809027778	
2.812500000	
2.815972222	
2.819444444	
2.822916667	
2.826388889	
2.829861111	
2.833333333	
2.836805556	
2.840277778	
2.843750000	
2.847222222	
2.850694444	
2.854166667	
2.857638889	
2.861111111	
2.864583333	
2.868055556	
2.871527778	
2.875000000	
2.878472222	
2.881944444	
2.885416667	
2.888888889	
2.892361111	
2.895833333	
2.899305556	
2.902777778	
2.906250000	
2.909722222	
2.913194444	
2.916666667	
2.920138889	
2.923611111	
2.927083333	
2.930555556	
2.934027778	
2.937500000	
2.940972222	
2.944444444	
2.947916667	
2.951388889	
2.954861111	
2.958333333	
2.961805556	
2.965277778	
2.968750000	
2.972222222	
2.975694444	
2.979166667	
2.982638889	
2.986111111	
2.989583333	
2.993055556	
2.996527778	
3.000000000	
3.003472222	
3.006944444	
3.010416667	
3.013888889	
3.017361111	
3.020833333	
3.024305556	
3.027777778	
3.031250000	
3.034722222	
3.038194444	
3.041666667	
3.045138889	
3.048611111	
3.052083333	
3.055555556	
3.059027778	
3.062500000	
3.065972222	
3.069444444	
3.072916667	
3.076388889	
3.079861111	
3.083333333	
3.086805556	
3.090277778	
3.093750000	
3.097222222	
3.100694444	
3.104166667	
3.107638889	
3.111111111	
3.114583333	
3.118055556	
3.121527778	
3.125000000	
3.128472222	
3.131944444	
3.135416667	
3.138888889	
3.142361111	
3.145833333	
3.149305556	
3.152777778	
3.156250000	
3.159722222	
3.163194444	
3.166666667	
3.170138889	
3.173611111	
3.177083333	
3.180555556	
3.184027778	
3.187500000	
3.190972222	
3.194444444	
3.197916667	
3.201388889	
3.204861111	
3.208333333	
3.211805556	
3.215277778	
3.218750000	
3.222222222	
3.225694444	
3.229166667	
3.232638889	
3.236111111	
3.239583333	
3.243055556	
3.246527778	
3.250000000	
3.253472222	
3.256944444	
3.260416667	
3.263888889	
3.267361111	
3.270833333	
3.274305556	
3.277777778	
3.281250000	
3.284722222	
3.288194444	
3.291666667	
3.295138889	
3.298611111	
3.302083333	
3.305555556	
3.309027778	
3.312500000	
3.315972222	
3.319444444	
3.322916667	
3.326388889	
3.329861111	
3.333333333	
3.336805556	
3.340277778	
3.343750000	
3.347222222	
3.350694444	
3.354166667	
3.357638889	
3.361111111	
3.364583333	
3.368055556	
3.371527778	
3.375000000	
3.378472222	
3.381944444	
3.385416667	
3.388888889	
3.392361111	
3.395833333	
3.399305556	
3.402777778	
3.406250000	
3.409722222	
3.413194444	
3.416666667	
3.420138889	
3.423611111	
3.427083333	
3.430555556	
3.434027778	
3.437500000	
3.440972222	
3.444444444	
3.447916667	
3.451388889	
3.454861111	
3.458333333	
3.461805556	
3.465277778	
3.468750000	
3.472222222	
3.475694444	
3.479166667	
3.482638889	
3.486111111	
3.489583333	
3.493055556	
3.496527778	
3.500000000	
3.503472222	
3.506944444	
3.510416667	
3.513888889	
3.517361111	
3.520833333	
3.524305556	
3.527777778	
3.531250000	
3.534722222	
3.538194444	
3.541666667	
3.545138889	
3.548611111	
3.552083333	
3.555555556	
3.559027778	
3.562500000	
3.565972222	
3.569444444	
3.572916667	
3.576388889	
3.579861111	
3.583333333	
3.586805556	
3.590277778	
3.593750000	
3.597222222	
3.600694444	
3.604166667	
3.607638889	
3.611111111	
3.614583333	
3.618055556	
3.621527778	
3.625000000	
3.628472222	
3.631944444	
3.635416667	
3.638888889	
3.642361111	
3.645833333	
3.649305556	
3.652777778	
3.656250000	
3.659722222	
3.663194444	
3.666666667	
3.670138889	
3.673611111	
3.677083333	
3.680555556	
3.684027778	
3.687500000	
3.690972222	
3.694444444	
3.697916667	
3.701388889	
3.704861111	
3.708333333	
3.711805556	
3.715277778	
3.718750000	
3.722222222	
3.725694444	
3.729166667	
3.732638889	
3.736111111	
3.739583333	
3.743055556	
3.746527778	
3.750000000	
3.753472222	
3.756944444	
3.760416667	
3.763888889	
3.767361111	
3.770833333	
3.774305556	
3.777777778	
3.781250000	
3.784722222	
3.788194444	
3.791666667	
3.795138889	
3.798611111	
3.802083333	
3.805555556	
3.809027778	
3.812500000	
3.815972222	
3.819444444	
3.822916667	
3.826388889	
3.829861111	
3.833333333	
3.836805556	
3.840277778	
3.843750000	
3.847222222	
3.850694444	
3.854166667	
3.857638889	
3.861111111	
3.864583333	
3.868055556	
3.871527778	
3.875000000	
3.878472222	
3.881944444	
3.885416667	
3.888888889	
3.892361111	
3.895833333	
3.899305556	
3.902777778	
3.906250000	
3.909722222	
3.913194444	
3.916666667	
3.920138889	
3.923611111	
3.927083333	
3.930555556	
3.934027778	
3.937500000	
3.940972222	
3.944444444	
3.947916667	
3.951388889	
3.954861111	
3.958333333	
3.961805556	
3.965277778	
3.968750000	
3.972222222	
3.975694444	
3.979166667	
3.982638889	
3.986111111	
3.989583333	
3.993055556	
3.996527778	
4.000000000	
4.003472222	
4.006944444	
4.010416667	
4.013888889	
4.017361111	
4.020833333	
4.024305556	
4.027777778	
4.031250000	
4.034722222	
4.038194444	
4.041666667	
4.045138889	
4.048611111	
4.052083333	
4.055555556	
4.059027778	
4.062500000	
4.065972222	
4.069444444	
4.072916667	
4.076388889	
4.079861111	
4.083333333	
4.086805556	
4.090277778	
4.093750000	
4.097222222	
4.100694444	
4.104166667	
4.107638889	
4.111111111	
4.114583333	
4.118055556	
4.121527778	
4.125000000	
4.128472222	
4.131944444	
4.135416667	
4.138888889	
4.142361111	
4.145833333	
4.149305556	
4.152777778	
4.156250000	
4.159722222	
4.163194444	
4.166666667	
4.170138889	
4.173611111	
4.177083333	
4.180555556	
4.184027778	
4.187500000	
4.190972222	
4.194444444	
4.197916667	
4.201388889	
4.204861111	
4.208333333	
4.211805556	
4.215277778	
4.218750000	
4.222222222	
4.225694444	
4.229166667	
4.232638889	
4.236111111	
4.239583333	
4.243055556	
4.246527778	
4.250000000	
4.253472222	
4.256944444	
4.260416667	
4.263888889	
4.267361111	
4.270833333	
4.274305556	
4.277777778	
4.281250000	
4.284722222	
4.288194444	
4.291666667	
4.295138889	
4.298611111	
4.302083333	
4.305555556	
4.309027778	
4.312500000	
4.315972222	
4.319444444	
4.322916667	
4.326388889	
4.329861111	
4.333333333	
4.336805556	
4.340277778	
4.343750000	
4.347222222	
4.350694444	
4.354166667	
4.357638889	
4.361111111	
4.364583333	
4.368055556	
4.371527778	
4.375000000	
4.378472222	
4.381944444	
4.385416667	
4.388888889	
4.392361111	
4.395833333	
4.399305556	
4.402777778	
4.406250000	
4.409722222	
4.413194444	
4.416666667	
4.420138889	
4.423611111	
4.427083333	
4.430555556	
4.434027778	
4.437500000	
4.440972222	
4.444444444	
4.447916667	
4.451388889	
4.454861111	
4.458333333	
4.461805556	
4.465277778	
4.468750000	
4.472222222	
4.475694444	
4.479166667	
4.482638889	
4.486111111	
4.489583333	
4.493055556	
4.496527778	
4.500000000	
4.503472222	
4.506944444	
4.510416667	
4.513888889	
4.517361111	
4.520833333	
4.524305556	
4.527777778	
4.531250000	
4.534722222	
4.538194444	
4.541666667	
4.545138889	
4.548611111	
4.552083333	
4.555555556	
4.559027778	
4.562500000	
4.565972222	
4.569444444	
4.572916667	
4.576388889	
4.579861111	
4.583333333	
4.586805556	
4.590277778	
4.593750000	
4.597222222	
4.600694444	
4.604166667	
4.607638889	
4.611111111	
4.614583333	
4.618055556	
4.621527778	
4.625000000	
4.628472222	
4.631944444	
4.635416667	
4.638888889	
4.642361111	
4.645833333	
4.649305556	
4.652777778	
4.656250000	
4.659722222	
4.663194444	
4.666666667	
4.670138889	
4.673611111	
4.677083333	
4.680555556	
4.684027778	
4.687500000	
4.690972222	
4.694444444	
4.697916667	
4.701388889	
4.704861111	
4.708333333	
4.711805556	
4.715277778	
4.718750000	
4.722222222	
4.725694444	
4.729166667	
4.732638889	
4.736111111	
4.739583333	
4.743055556	
4.746527778	
4.750000000	
4.753472222	
4.756944444	
4.760416667	
4.763888889	
4.767361111	
4.770833333	
4.774305556	
4.777777778	
4.781250000	
4.784722222	
4.788194444	
4.791666667	
4.795138889	
4.798611111	
4.802083333	
4.805555556	
4.809027778	
4.812500000	
4.815972222	
4.819444444	
4.822916667	
4.826388889	
4.829861111	
4.833333333	
4.836805556	
4.840277778	
4.843750000	
4.847222222	
4.850694444	
4.854166667	
4.857638889	
4.861111111	
4.864583333	
4.868055556	
4.871527778	
4.875000000	
4.878472222	
4.881944444	
4.885416667	
4.888888889	
4.892361111	
4.895833333	
4.899305556	
4.902777778	
4.906250000	
4.909722222	
4.913194444	
4.916666667	
4.920138889	
4.923611111	
4.927083333	
4.930555556	
4.934027778	
4.937500000	
4.940972222	
4.944444444	
4.947916667	
4.951388889	
4.954861111	
4.958333333	
4.961805556	
4.965277778	
4.968750000	
4.972222222	
4.975694444	
4.979166667	
4.982638889	
4.986111111	
4.989583333	
4.993055556	
4.996527778	
5.000000000	
5.003472222	
5.006944444	
5.010416667	
5.013888889	
5.017361111	
5.020833333	
5.024305556	
5.027777778	
5.031250000	
5.034722222	
5.038194444	
5.041666667	
5.045138889	
5.048611111	
5.052083333	
5.055555556	
5.059027778	
5.062500000	
5.065972222	
5.069444444	
5.072916667	
5.076388889	
5.079861111	
5.083333333	
5.086805556	
5.090277778	
5.093750000	
5.097222222	
5.100694444	
5.104166667	
5.107638889	
5.111111111	
5.114583333	
5.118055556	
5.121527778	
5.125000000	
5.128472222	
5.131944444	
5.135416667	
5.138888889	
5.142361111	
5.145833333	
5.149305556	
5.152777778	
5.156250000	
5.159722222	
5.163194444	
5.166666667	
5.170138889	
5.173611111	
5.177083333	
5.180555556	
5.184027778	
5.187500000	
5.190972222	
5.194444444	
5.197916667	
5.201388889	
5.204861111	
5.208333333	
5.211805556	
5.215277778	
5.218750000	
5.222222222	
5.225694444	
5.229166667	
5.232638889	
5.236111111	
5.239583333	
5.243055556	
5.246527778	
5.250000000	
5.253472222	
5.256944444	
5.260416667	
5.263888889	
5.267361111	
5.270833333	
5.274305556	
5.277777778	
5.281250000	
5.284722222	
5.288194444	
5.291666667	
5.295138889	
5.298611111	
5.302083333	
5.305555556	
5.309027778	
5.312500000	
5.315972222	
5.319444444	
5.322916667	
5.326388889	
5.329861111	
5.333333333	
5.336805556	
5.340277778	
5.343750000	
5.347222222	
5.350694444	
5.354166667	
5.357638889	
5.361111111	
5.364583333	
5.368055556	
5.371527778	
5.375000000	
5.378472222	
5.381944444	
5.385416667	
5.388888889	
5.392361111	
5.395833333	
5.399305556	
5.402777778	
5.406250000	
5.409722222	
5.413194444	
5.416666667	
5.420138889	
5.423611111	
5.427083333	
5.430555556	
5.434027778	
5.437500000	
5.440972222	
5.444444444	
5.447916667	
5.451388889	
5.454861111	
5.458333333	
5.461805556	
5.465277778	
5.468750000	
5.472222222	
5.475694444	
5.479166667	
5.482638889	
5.486111111	
5.489583333	
5.493055556	
5.496527778	
5.500000000	
5.503472222	
5.506944444	
5.510416667	
5.513888889	
5.517361111	
5.520833333	
5.524305556	
5.527777778	
5.531250000	
5.534722222	
5.538194444	
5.541666667	
5.545138889	
5.548611111	
5.552083333	
5.555555556	
5.559027778	
5.562500000	
5.565972222	
5.569444444	
5.572916667	
5.576388889	
5.579861111	
5.583333333	
5.586805556	
5.590277778	
5.593750000	
5.597222222	
5.600694444	
5.604166667	
5.607638889	
5.611111111	
5.614583333	
5.618055556	
5.621527778	
5.625000000	
5.628472222	
5.631944444	
5.635416667	
5.638888889	
5.642361111	
5.645833333	
5.649305556	
5.652777778	
5.656250000	
5.659722222	
5.663194444	
5.666666667	
5.670138889	
5.673611111	
5.677083333	
5.680555556	
5.684027778	
5.687500000	
5.690972222	
5.694444444	
5.697916667	
5.701388889	
5.704861111	
5.708333333	
5.711805556	
5.715277778	
5.718750000	
5.722222222	
5.725694444	
5.729166667	
5.732638889	
5.736111111	
5.739583333	
5.743055556	
5.746527778	
5.750000000	
5.753472222	
5.756944444	
5.760416667	
5.763888889	
5.767361111	
5.770833333	
5.774305556	
5.777777778	
5.781250000	
5.784722222	
5.788194444	
5.791666667	
5.795138889	
5.798611111	
5.802083333	
5.805555556	
5.809027778	
5.812500000	
5.815972222	
5.819444444	
5.822916667	
5.826388889	
5.829861111	
5.833333333	
5.836805556	
5.840277778	
5.843750000	
5.847222222	
5.850694444	
5.854166667	
5.857638889	
5.861111111	
5.864583333	
5.868055556	
5.871527778	
5.875000000	
5.878472222	
5.881944444	
5.885416667	
5.888888889	
5.892361111	
5.895833333	
5.899305556	
5.902777778	
5.906250000	
5.909722222	
5.913194444	
5.916666667	
5.920138889	
5.923611111	
5.927083333	
5.930555556	
5.934027778	
5.937500000	
5.940972222	
5.944444444	
5.947916667	
5.951388889	
5.954861111	
5.958333333	
5.961805556	
5.965277778	
5.968750000	
5.972222222	
5.975694444	
5.979166667	
5.982638889	
5.986111111	
5.989583333	
5.993055556	
5.996527778	
6.000000000	
6.003472222	
6.006944444	
6.010416667	
6.013888889	
6.017361111	
6.020833333	
6.024305556	
6.027777778	
6.031250000	
6.034722222	
6.038194444	
6.041666667	
6.045138889	
6.048611111	
6.052083333	
6.055555556	
6.059027778	
6.062500000	
6.065972222	
6.069444444	
6.072916667	
6.076388889	
6.079861111	
6.083333333	
6.086805556	
6.090277778	
6.093750000	
6.097222222	
6.100694444	
6.104166667	
6.107638889	
6.111111111	
6.114583333	
6.118055556	
6.121527778	
6.125000000	
6.128472222	
6.131944444	
6.135416667	
6.138888889	
6.142361111	
6.145833333	
6.149305556	
6.152777778	
6.156250000	
6.159722222	
6.163194444	
6.166666667	
6.170138889	
6.173611111	
6.177083333	
6.180555556	
6.184027778	
6.187500000	
6.190972222	
6.194444444	
6.197916667	
6.201388889	
6.204861111	
6.208333333	
6.211805556	
6.215277778	
6.218750000	
6.222222222	
6.225694444	
6.229166667	
6.232638889	
6.236111111	
6.239583333	
6.243055556	
6.246527778	
6.250000000	
6.253472222	
6.256944444	
6.260416667	
6.263888889	
6.267361111	
6.270833333	
6.274305556	
6.277777778	
6.281250000	
6.284722222	
6.288194444	
6.291666667	
6.295138889	
6.298611111	
6.302083333	
6.305555556	
6.309027778	
6.312500000	
6.315972222	
6.319444444	
6.322916667	
6.326388889	
6.329861111	
6.333333333	
6.336805556	
6.340277778	
6.343750000	
6.347222222	
6.350694444	
6.354166667	
6.357638889	
6.361111111	
6.364583333	
6.368055556	
6.371527778	
6.375000000	
6.378472222	
6.381944444	
6.385416667	
6.388888889	
6.392361111	
6.395833333	
6.399305556	
6.402777778	
6.406250000	
6.409722222	
6.413194444	
6.416666667	
6.420138889	
6.423611111	
6.427083333	
6.430555556	
6.434027778	
6.437500000	
6.440972222	
6.444444444	
6.447916667	
6.451388889	
6.454861111	
6.458333333	
6.461805556	
6.465277778	
6.468750000	
6.472222222	
6.475694444	
6.479166667	
6.482638889	
6.486111111	
6.489583333	
6.493055556	
6.496527778	
6.500000000	
6.503472222	
6.506944444	
6.510416667	
6.513888889	
6.517361111	
6.520833333	
6.524305556	
6.527777778	
6.531250000	
6.534722222	
6.538194444	
6.541666667	
6.545138889	
6.548611111	
6.552083333	
6.555555556	
6.559027778	
6.562500000	
6.565972222	
6.569444444	
6.572916667	
6.576388889	
6.579861111	
6.583333333	
6.586805556	
6.590277778	
6.593750000	
6.597222222	
6.600694444	
6.604166667	
6.607638889	
6.611111111	
6.614583333	
6.618055556	
6.621527778	
6.625000000	
6.628472222	
6.631944444	
6.635416667	
6.638888889	
6.642361111	
6.645833333	
6.649305556	
6.652777778	
6.656250000	
6.659722222	
6.663194444	
6.666666667	
6.670138889	
6.673611111	
6.677083333	
6.680555556	
6.684027778	
6.687500000	
6.690972222	
6.694444444	
6.697916667	
6.701388889	
6.704861111	
6.708333333	
6.711805556	
6.715277778	
6.718750000	
6.722222222	
6.725694444	
6.729166667	
6.732638889	
6.736111111	
6.739583333	
6.743055556	
6.746527778	
6.750000000	
6.753472222	
6.756944444	
6.760416667	
6.763888889	
6.767361111	
6.770833333	
6.774305556	
6.777777778	
6.781250000	
6.784722222	
6.788194444	
6.791666667	
6.795138889	
6.798611111	
6.802083333	
6.805555556	
6.809027778	
6.812500000	
6.815972222	
6.819444444	
6.822916667	
6.826388889	
6.829861111	
6.833333333	
6.836805556	
6.840277778	
6.843750000	
6.847222222	
6.850694444	
6.854166667	
6.857638889	
6.861111111	
6.864583333	
6.868055556	
6.871527778	
6.875000000	
6.878472222	
6.881944444	
6.885416667	
6.888888889	
6.892361111	
6.895833333	
6.899305556	
6.902777778	
6.906250000	
6.909722222	
6.913194444	
6.916666667	
6.920138889	
6.923611111	
6.927083333	
6.930555556	
6.934027778	
6.937500000	
6.940972222	
6.944444444	
6.947916667	
6.951388889	
6.954861111	
6.958333333	
6.961805556	
6.965277778	
6.968750000	
6.972222222	
6.975694444	
6.979166667	
6.982638889	
6.986111111	
6.989583333	
6.993055556	
6.996527778	
7.000000000	
7.003472222	
7.006944444	
7.010416667	
7.013888889	
7.017361111	
7.020833333	
7.024305556	
7.027777778	
7.031250000	
7.034722222	
7.038194444	
7.041666667	
7.045138889	
7.048611111	
7.052083333	
7.055555556	
7.059027778	
7.062500000	
7.065972222	
7.069444444	
7.072916667	
7.076388889	
7.079861111	
7.083333333	
7.086805556	
7.090277778	
7.093750000	
7.097222222	
7.100694444	
7.104166667	
7.107638889	
7.111111111	
7.114583333	
7.118055556	
7.121527778	
7.125000000	
7.128472222	
7.131944444	
7.135416667	
7.138888889	
7.142361111	
7.145833333	
7.149305556	
7.152777778	
7.156250000	
7.159722222	
7.163194444	
7.166666667	
7.170138889	
7.173611111	
7.177083333	
7.180555556	
7.184027778	
7.187500000	
7.190972222	
7.194444444	
7.197916667	
7.201388889	
7.204861111	
7.208333333	
7.211805556	
7.215277778	
7.218750000	
7.222222222	
7.225694444	
7.229166667	
7.232638889	
7.236111111	
7.239583333	
7.243055556	
7.246527778	
7.250000000	
7.253472222	
7.256944444	
7.260416667	
7.263888889	
7.267361111	
7.270833333	
7.274305556	
7.277777778	
7.281250000	
7.284722222	
7.288194444	
7.291666667	
7.295138889	
7.298611111	
7.302083333	
7.305555556	
7.309027778	
7.312500000	
7.315972222	
7.319444444	
7.322916667	
7.326388889	
7.329861111	
7.333333333	
7.336805556	
7.340277778	
7.343750000	
7.347222222	
7.350694444	
7.354166667	
7.357638889	
7.361111111	
7.364583333	
7.368055556	
7.371527778	
7.375000000	
7.378472222	
7.381944444	
7.385416667	
7.388888889	
7.392361111	
7.395833333	
7.399305556	
7.402777778	
7.406250000	
7.409722222	
7.413194444	
7.416666667	
7.420138889	
7.423611111	
7.427083333	
7.430555556	
7.434027778	
7.437500000	
7.440972222	
7.444444444	
7.447916667	
7.451388889	
7.454861111	
7.458333333	
7.461805556	
7.465277778	
7.468750000	
7.472222222	
7.475694444	
7.479166667	
7.482638889	
7.486111111	
7.489583333	
7.493055556	
7.496527778	
7.500000000	
7.503472222	
7.506944444	
7.510416667	
7.513888889	
7.517361111	
7.520833333	
7.524305556	
7.527777778	
7.531250000	
7.534722222	
7.538194444	
7.541666667	
7.545138889	
7.548611111	
7.552083333	
7.555555556	
7.559027778	
7.562500000	
7.565972222	
7.569444444	
7.572916667	
7.576388889	
7.579861111	
7.583333333	
7.586805556	
7.590277778	
7.593750000	
7.597222222	
7.600694444	
7.604166667	
7.607638889	
7.611111111	
7.614583333	
7.618055556	
7.621527778	
7.625000000	
7.628472222	
7.631944444	
7.635416667	
7.638888889	
7.642361111	
7.645833333	
7.649305556	
7.652777778	
7.656250000	
7.659722222	
7.663194444	
7.666666667	
7.670138889	
7.673611111	
7.677083333	
7.680555556	
7.684027778	
7.687500000	
7.690972222	
7.694444444	
7.697916667	
7.701388889	
7.704861111	
7.708333333	
7.711805556	
7.715277778	
7.718750000	
7.722222222	
7.725694444	
7.729166667	
7.732638889	
7.736111111	
7.739583333	
7.743055556	
7.746527778	
7.750000000	
7.753472222	
7.756944444	
7.760416667	
7.763888889	
7.767361111	
7.770833333	
7.774305556	
7.777777778	
7.781250000	
7.784722222	
7.788194444	
7.791666667	
7.795138889	
7.798611111	
7.802083333	
7.805555556	
7.809027778	
7.812500000	
7.815972222	
7.819444444	
7.822916667	
7.826388889	
7.829861111	
7.833333333	
7.836805556	
7.840277778	
7.843750000	
7.847222222	
7.850694444	
7.854166667	
7.857638889	
7.861111111	
7.864583333	
7.868055556	
7.871527778	
7.875000000	
7.878472222	
7.881944444	
7.885416667	
7.888888889	
7.892361111	
7.895833333	
7.899305556	
7.902777778	
7.906250000	
7.909722222	
7.913194444	
7.916666667	
7.920138889	
7.923611111	
7.927083333	
7.930555556	
7.934027778	
7.937500000	
7.940972222	
7.944444444	
7.947916667	
7.951388889	
7.954861111	
7.958333333	
7.961805556	
7.965277778	
7.968750000	
7.972222222	
7.975694444	
7.979166667	
7.982638889	
7.986111111	
7.989583333	
7.993055556	
7.996527778	
8.000000000	
8.003472222	
8.006944444	
8.010416667	
8.013888889	
8.017361111	
8.020833333	
8.024305556	
8.027777778	
8.031250000	
8.034722222	
8.038194444	
8.041666667	
8.045138889	
8.048611111	
8.052083333	
8.055555556	
8.059027778	
8.062500000	
8.065972222	
8.069444444	
8.072916667	
8.076388889	
8.079861111	
8.083333333	
8.086805556	
8.090277778	
8.093750000	
8.097222222	
8.100694444	
8.104166667	
8.107638889	
8.111111111	
8.114583333	
8.118055556	
8.121527778	
8.125000000	
8.128472222	
8.131944444	
8.135416667	
8.138888889	
8.142361111	
8.145833333	
8.149305556	
8.152777778	
8.156250000	
8.159722222	
8.163194444	
8.166666667	
8.170138889	
8.173611111	
8.177083333	
8.180555556	
8.184027778	
8.187500000	
8.190972222	
8.194444444	
8.197916667	
8.201388889	
8.204861111	
8.208333333	
8.211805556	
8.215277778	
8.218750000	
8.222222222	
8.225694444	
8.229166667	
8.232638889	
8.236111111	
8.239583333	
8.243055556	
8.246527778	
8.250000000	
8.253472222	
8.256944444	
8.260416667	
8.263888889	
8.267361111	
8.270833333	
8.274305556	
8.277777778	
8.281250000	
8.284722222	
8.288194444	
8.291666667	
8.295138889	
8.298611111	
8.302083333	
8.305555556	
8.309027778	
8.312500000	
8.315972222	
8.319444444	
8.322916667	
8.326388889	
8.329861111	
8.333333333	
8.336805556	
8.340277778	
8.343750000	
8.347222222	
8.350694444	
8.354166667	
8.357638889	
8.361111111	
8.364583333	
8.368055556	
8.371527778	
8.375000000	
8.378472222	
8.381944444	
8.385416667	
8.388888889	
8.392361111	
8.395833333	
8.399305556	
8.402777778	
8.406250000	
8.409722222	
8.413194444	
8.416666667	
8.420138889	
8.423611111	
8.427083333	
8.430555556	
8.434027778	
8.437500000	
8.440972222	
8.444444444	
8.447916667	
8.451388889	
8.454861111	
8.458333333	
8.461805556	
8.465277778	
8.468750000	
8.472222222	
8.475694444	
8.479166667	
8.482638889	
8.486111111	
8.489583333	
8.493055556	
8.496527778	
8.500000000	
8.503472222	
8.506944444	
8.510416667	
8.513888889	
8.517361111	
8.520833333	
8.524305556	
8.527777778	
8.531250000	
8.534722222	
8.538194444	
8.541666667	
8.545138889	
8.548611111	
8.552083333	
8.555555556	
8.559027778	
8.562500000	
8.565972222	
8.569444444	
8.572916667	
8.576388889	
8.579861111	
8.583333333	
8.586805556	
8.590277778	
8.593750000	
8.597222222	
8.600694444	
8.604166667	
8.607638889	
8.611111111	
8.614583333	
8.618055556	
8.621527778	
8.625000000	
8.628472222	
8.631944444	
8.635416667	
8.638888889	
8.642361111	
8.645833333	
8.649305556	
8.652777778	
8.656250000	
8.659722222	
8.663194444	
8.666666667	
8.670138889	
8.673611111	
8.677083333	
8.680555556	
8.684027778	
8.687500000	
8.690972222	
8.694444444	
8.697916667	
8.701388889	
8.704861111	
8.708333333	
8.711805556	
8.715277778	
8.718750000	
8.722222222	
8.725694444	
8.729166667	
8.732638889	
8.736111111	
8.739583333	
8.743055556	
8.746527778	
8.750000000	
8.753472222	
8.756944444	
8.760416667	
8.763888889	
8.767361111	
8.770833333	
8.774305556	
8.777777778	
8.781250000	
8.784722222	
8.788194444	
8.791666667	
8.795138889	
8.798611111	
8.802083333	
8.805555556	
8.809027778	
8.812500000	
8.815972222	
8.819444444	
8.822916667	
8.826388889	
8.829861111	
8.833333333	
8.836805556	
8.840277778	
8.843750000	
8.847222222	
8.850694444	
8.854166667	
8.857638889	
8.861111111	
8.864583333	
8.868055556	
8.871527778	
8.875000000	
8.878472222	
8.881944444	
8.885416667	
8.888888889	
8.892361111	
8.895833333	
8.899305556	
8.902777778	
8.906250000	
8.909722222	
8.913194444	
8.916666667	
8.920138889	
8.923611111	
8.927083333	
8.930555556	
8.934027778	
8.937500000	
8.940972222	
8.944444444	
8.947916667	
8.951388889	
8.954861111	
8.958333333	
8.961805556	
8.965277778	
8.968750000	
8.972222222	
8.975694444	
8.979166667	
8.982638889	
8.986111111	
8.989583333	
8.993055556	
8.996527778	
9.000000000	
9.003472222	
9.006944444	
9.010416667	
9.013888889	
9.017361111	
9.020833333	
9.024305556	
9.027777778	
9.031250000	
9.034722222	
9.038194444	
9.041666667	
9.045138889	
9.048611111	
9.052083333	
9.055555556	
9.059027778	
9.062500000	
9.065972222	
9.069444444	
9.072916667	
9.076388889	
9.079861111	
9.083333333	
9.086805556	
9.090277778	
9.093750000	
9.097222222	
9.100694444	
9.104166667	
9.107638889	
9.111111111	
9.114583333	
9.118055556	
9.121527778	
9.125000000	
9.128472222	
9.131944444	
9.135416667	
9.138888889	
9.142361111	
9.145833333	
9.149305556	
9.152777778	
9.156250000	
9.159722222	
9.163194444	
9.166666667	
9.170138889	
9.173611111	
9.177083333	
9.180555556	
9.184027778	
9.187500000	
9.190972222	
9.194444444	
9.197916667	
9.201388889	
9.204861111	
9.208333333	
9.211805556	
9.215277778	
9.218750000	
9.222222222	
9.225694444	
9.229166667	
9.232638889	
9.236111111	
9.239583333	
9.243055556	
9.246527778	
9.250000000	
9.253472222	
9.256944444	
9.260416667	
9.263888889	
9.267361111	
9.270833333	
9.274305556	
9.277777778	
9.281250000	
9.284722222	
9.288194444	
9.291666667	
9.295138889	
9.298611111	
9.302083333	
9.305555556	
9.309027778	
9.312500000	
9.315972222	
9.319444444	
9.322916667	
9.326388889	
9.329861111	
9.333333333	
9.336805556	
9.340277778	
9.343750000	
9.347222222	
9.350694444	
9.354166667	
9.357638889	
9.361111111	
9.364583333	
9.368055556	
9.371527778	
9.375000000	
9.378472222	
9.381944444	
9.385416667	
9.388888889	
9.392361111	
9.395833333	
9.399305556	
9.402777778	
9.406250000	
9.409722222	
9.413194444	
9.416666667	
9.420138889	
9.423611111	
9.427083333	
9.430555556	
9.434027778	
9.437500000	
9.440972222	
9.444444444	
9.447916667	
9.451388889	
9.454861111	
9.458333333	
9.461805556	
9.465277778	
9.468750000	
9.472222222	
9.475694444	
9.479166667	
9.482638889	
9.486111111	
9.489583333	
9.493055556	
9.496527778	
9.500000000	
9.503472222	
9.506944444	
9.510416667	
9.513888889	
9.517361111	
9.520833333	
9.524305556	
9.527777778	
9.531250000	
9.534722222	
9.538194444	
9.541666667	
9.545138889	
9.548611111	
9.552083333	
9.555555556	
9.559027778	
9.562500000	
9.565972222	
9.569444444	
9.572916667	
9.576388889	
9.579861111	
9.583333333	
9.586805556	
9.590277778	
9.593750000	
9.597222222	
9.600694444	
9.604166667	
9.607638889	
9.611111111	
9.614583333	
9.618055556	
9.621527778	
9.625000000	
9.628472222	
9.631944444	
9.635416667	
9.638888889	
9.642361111	
9.645833333	
9.649305556	
9.652777778	
9.656250000	
9.659722222	
9.663194444	
9.666666667	
9.670138889	
9.673611111	
9.677083333	
9.680555556	
9.684027778	
9.687500000	
9.690972222	
9.694444444	
9.697916667	
9.701388889	
9.704861111	
9.708333333	
9.711805556	
9.715277778	
9.718750000	
9.722222222	
9.725694444	
9.729166667	
9.732638889	
9.736111111	
9.739583333	
9.743055556	
9.746527778	
9.750000000	
9.753472222	
9.756944444	
9.760416667	
9.763888889	
9.767361111	
9.770833333	
9.774305556	
9.777777778	
9.781250000	
9.784722222	
9.788194444	
9.791666667	
9.795138889	
9.798611111	
9.802083333	
9.805555556	
9.809027778	
9.812500000	
9.815972222	
9.819444444	
9.822916667	
9.826388889	
9.829861111	
9.833333333	
9.836805556	
9.840277778	
9.843750000	
9.847222222	
9.850694444	
9.854166667	
9.857638889	
9.861111111	
9.864583333	
9.868055556	
9.871527778	
9.875000000	
9.878472222	
9.881944444	
9.885416667	
9.888888889	
9.892361111	
9.895833333	
9.899305556	
9.902777778	
9.906250000	
9.909722222	
9.913194444	
9.916666667	
9.920138889	
9.923611111	
9.927083333	
9.930555556	
9.934027778	
9.937500000	
9.940972222	
9.944444444	
9.947916667	
9.951388889	
9.954861111	
9.958333333	
9.961805556	
9.965277778	
9.968750000	
9.972222222	
9.975694444	
9.979166667	
9.982638889	
9.986111111	
9.989583333	
9.993055556	
9.996527778	
