0.                49.9756E-33 
314.062E-03          1.56174E-03
628.12E-03           3.12042E-03
942.173E-03          4.673E-03  
1.25622            6.21643E-03
1.57025            7.74765E-03
1.88426            9.26361E-03
2.19826           10.7613E-03 
2.51224           12.2375E-03 
2.82619           13.6894E-03 
3.14011           15.1138E-03 
3.45401           16.5077E-03 
3.76787           17.868E-03  
4.08169           19.1917E-03 
4.39548           20.4758E-03 
4.70922           21.7171E-03 
5.02291           22.9126E-03 
5.33656           24.0593E-03 
5.65015           25.1541E-03 
5.96369           26.194E-03  
6.27718           27.1759E-03 
6.5906            28.0968E-03 
6.90395           28.9536E-03 
7.21724           29.7432E-03 
7.53046           30.4626E-03 
7.84361           31.1089E-03
8.15668           31.6788E-03
8.46967           32.1693E-03
8.78258           32.5775E-03 
9.0954            32.9002E-03 
9.40813           33.1345E-03 
9.72078           33.2771E-03 
10.0333            33.3252E-03 
0.               500.E+06     
314.062E-03        499.512E+06  
628.12E-03         498.047E+06  
942.173E-03        495.605E+06  
1.25622          492.187E+06  
1.57025          487.793E+06  
1.88426          482.422E+06  
2.19826          476.074E+06  
2.51224          468.75E+06   
2.82619          460.449E+06  
3.14011          451.172E+06  
3.45401          440.918E+06  
3.76787          429.688E+06  
4.08169          417.48E+06   
4.39548          404.297E+06  
4.70922          390.137E+06  
5.02291          375.E+06     
5.33656          358.887E+06  
5.65015          341.797E+06  
5.96369          323.73E+06   
6.27718          304.688E+06  
6.5906           284.668E+06  
6.90395          263.672E+06  
7.21724          241.699E+06  
7.53046          218.75E+06   
7.84361          194.824E+06  
8.15668          169.922E+06  
8.46967          144.043E+06  
8.78258          117.187E+06  
9.0954            89.3555E+06 
9.40813           60.5469E+06 
9.72078           30.7617E+06 
10.0333           500.E-03 