0.                49.9023E-33 
628.119E-03          3.1189E-03 
1.25621            6.21338E-03
1.88426            9.25903E-03
2.51223           12.2314E-03 
3.14011           15.1062E-03 
3.76786           17.8589E-03 
4.39546           20.4651E-03 
5.0229            22.9004E-03 
5.65014           25.1404E-03 
6.27716           27.1606E-03 
6.90394           28.9368E-03 
7.53044           30.4443E-03 
8.15666           31.6589E-03 
8.78256           32.5562E-03 
9.40811           33.1116E-03 
10.0333            33.3008E-03 
0.               500.E+06     
628.119E-03        498.047E+06  
1.25621          492.188E+06  
1.88426          482.422E+06  
2.51223          468.75E+06   
3.14011          451.172E+06  
3.76786          429.687E+06  
4.39546          404.297E+06  
5.0229           375.E+06     
5.65014          341.797E+06  
6.27716          304.688E+06  
6.90394          263.672E+06  
7.53044          218.75E+06   
8.15666          169.922E+06  
8.78256          117.187E+06  
9.40811           60.5469E+06 
10.0333            -1.