0.                49.6094E-33 
1.2562            6.20117E-03
2.51221           12.207E-03  
3.76782           17.8223E-03 
5.02285           22.8516E-03 
6.2771            27.0996E-03 
7.53037           30.3711E-03 
8.78247           32.4707E-03 
10.0332           33.2031E-03 
0.               500.E+06     
1.2562           492.187E+06  
2.51221          468.75E+06   
3.76782          429.688E+06  
5.02285          375.E+06     
6.2771           304.688E+06  
7.53037          218.75E+06   
8.78247          117.187E+06  
10.0332            -2.